model,test_idx,smiles,y_true,pred,std,max_sim,abs_err
rf,14,CC(=O)N[C@@H]1CCN(C(=O)c2nc(NCc3cncc(F)c3)nc3ccsc23)C1,6.301030158996582,6.576601437047022,0.4580279749854115,0.6901408450704225,0.2755712780504398
rf,16,CC(=O)N[C@@H]1CCN(C(=O)c2nc(N[C@@H](C)c3cccnc3)nc3ccsc23)C1,6.301030158996582,6.7635436539456055,0.49732332450884187,0.704225352112676,0.4625134949490235
rf,17,CC(=O)N[C@@H]1CCN(C(=O)c2nc(N[C@@H](C)c3cncc(F)c3)nc3cc(C)sc23)C1,6.301030158996582,6.974235910232548,0.5789865268445985,0.7671232876712328,0.6732057512359662
rf,18,CC(=O)N[C@@H]1CCN(C(=O)c2nc(N[C@@H](C)c3cncc(F)c3)nc3ccsc23)C1,6.301030158996582,6.967895025851592,0.5890381510296832,0.7671232876712328,0.6668648668550103
rf,19,CC(=O)N[C@H]1CCN(C(=O)c2nc(NCc3cncc(F)c3)nc3ccsc23)C1,6.301030158996582,6.576601437047022,0.4580279749854115,0.6901408450704225,0.2755712780504398
rf,21,CC(=O)N[C@H]1CCN(C(=O)c2nc(N[C@@H](C)c3cccnc3)nc3ccsc23)C1,6.301030158996582,6.7635436539456055,0.49732332450884187,0.704225352112676,0.4625134949490235
rf,22,CC(=O)N[C@H]1CCN(C(=O)c2nc(N[C@@H](C)c3cncc(F)c3)nc3cc(C)sc23)C1,6.301030158996582,6.974235910232548,0.5789865268445985,0.7671232876712328,0.6732057512359662
rf,23,CC(=O)N[C@H]1CCN(C(=O)c2nc(N[C@@H](C)c3cncc(F)c3)nc3ccsc23)C1,6.522878646850586,6.967895025851592,0.5890381510296832,0.7671232876712328,0.44501637900100643
rf,37,CC(C)(C)C(=O)N[C@H]1CCN(C(=O)c2nc(NCc3cncc(F)c3)nc3ccsc23)C1,7.12493896484375,6.579031753108155,0.4744844997065919,0.6621621621621622,0.545907211735595
rf,44,CC(C)(C)OC(=O)N[C@@H]1CCN(C(=O)c2nc(NCc3cncc(F)c3)nc3ccsc23)C1,6.522878646850586,6.549269006013624,0.35717542948950287,0.717948717948718,0.026390359163038113
rf,45,CC(C)(C)OC(=O)N[C@H]1CCN(C(=O)c2nc(NCc3cncc(F)c3)nc3ccsc23)C1,6.522878646850586,6.549269006013624,0.35717542948950287,0.717948717948718,0.026390359163038113
rf,50,CC(C)(Nc1nc(C(=O)N2CCCC2)c2sccc2n1)c1cccnc1,6.301030158996582,6.18984387051048,0.8087133010939768,0.5797101449275363,0.11118628848610168
rf,86,CC(Nc1nc(C(=O)N2CCCC2)c2sccc2n1)c1cccnc1,5.629487037658691,6.418917066414943,0.12679813736336468,0.847457627118644,0.7894300287562519
rf,87,CC(Nc1nc(C(=O)N2CC[C@@H](F)C2)c2sccc2n1)c1cccnc1,6.522878646850586,6.426879864905832,0.25853267158514265,0.746268656716418,0.09599878194475409
rf,117,CCC(Nc1nc(C(=O)N2CCCC2)c2sccc2n1)c1cccnc1,6.522878646850586,6.390386601694948,0.12464903844750878,0.7213114754098361,0.1324920451556375
rf,118,CCC(Nc1nc(C(=O)N2CC[C@@H](OC)C2)c2sccc2n1)c1cccnc1,7.12493896484375,6.476409411011775,0.4083190964536534,0.6285714285714286,0.6485295538319749
rf,210,CCNC(=O)C1CCN(C(=O)c2nc(N[C@@H](C)c3cncc(F)c3)nc3ccsc23)C1,6.522878646850586,7.018037253338965,0.7083484214524214,0.782051282051282,0.4951586064883795
rf,258,CCc1cc2nc(N[C@@H](C)c3cccnc3)nc(C(=O)N3CCCC3)c2s1,6.301030158996582,6.2784115698810545,0.4332706485386189,0.6285714285714286,0.0226185891155275
rf,311,CN[C@@H]1CCN(C(=O)c2nc(N[C@@H](C)c3cncc(F)c3)nc3cc(C)sc23)C1,6.301030158996582,6.909476045488587,0.5893526793192607,0.7746478873239436,0.6084458864920048
rf,312,CN[C@H]1CCN(C(=O)c2nc(N[C@@H](C)c3cncc(F)c3)nc3cc(C)sc23)C1,6.301030158996582,6.909476045488587,0.5893526793192607,0.7746478873239436,0.6084458864920048
rf,323,CNc1cc2nc(N[C@@H](C)c3cccnc3)nc(C(=O)N3CCC(O)C3)c2s1,6.301030158996582,6.415158492942473,0.2632553936149709,0.6351351351351351,0.11412833394589139
rf,325,CNc1cc2nc(N[C@@H](C)c3cccnc3)nc(C(=O)N3CCCC3)c2s1,6.522878646850586,6.427575257071129,0.27804294036715277,0.6865671641791045,0.09530338977945707
rf,326,CNc1cc2nc(N[C@@H](C)c3cccnc3)nc(C(=O)N3CC[C@@H](F)C3)c2s1,6.522878646850586,6.435980662934878,0.33986008537696094,0.5714285714285714,0.08689798391570758
rf,327,CNc1cc2nc(N[C@@H](C)c3cccnc3)nc(C(=O)N3CC[C@H](F)C3)c2s1,6.522878646850586,6.435980662934878,0.33986008537696094,0.5714285714285714,0.08689798391570758
rf,328,CNc1cc2nc(N[C@@H](C)c3cccnc3)nc(C(=O)N3CC[C@H](O)C3)c2s1,6.301030158996582,6.415158492942473,0.2632553936149709,0.6351351351351351,0.11412833394589139
rf,331,CNc1cc2nc(N[C@@H](C)c3cncc(F)c3)nc(C(=O)N3CCCC3)c2s1,6.522878646850586,6.481678847121325,0.2865293668238789,0.6527777777777778,0.041199799729261244
rf,332,CNc1cc2nc(N[C@@H](C)c3cncc(F)c3)nc(C(=O)N3CC[C@@H](O)C3)c2s1,6.301030158996582,6.474961698094512,0.30325401020095044,0.6075949367088608,0.17393153909793035
rf,333,CNc1cc2nc(N[C@@H](C)c3cncc(F)c3)nc(C(=O)N3CC[C@H](O)C3)c2s1,6.301030158996582,6.474961698094512,0.30325401020095044,0.6075949367088608,0.17393153909793035
rf,365,COCC(Nc1nc(C(=O)N2CCCC2)c2sccc2n1)c1cccnc1,6.522878646850586,6.418259359900216,0.16165390323869547,0.7058823529411765,0.1046192869503697
rf,366,COCC(Nc1nc(C(=O)N2CC[C@H](O)C2)c2sccc2n1)c1cccnc1,6.301030158996582,6.437248986830427,0.1892024424671237,0.6944444444444444,0.13621882783384454
rf,413,CO[C@@H]1CCN(C(=O)c2nc(N[C@@H](C)c3cccnc3)nc3cc(C)sc23)C1,7.12493896484375,6.585824332995164,0.46692517993198185,0.64,0.5391146318485864
rf,414,CO[C@@H]1CCN(C(=O)c2nc(N[C@@H](C)c3cccnc3)nc3ccsc23)C1,7.323908805847168,6.477397088763557,0.3604981071988581,0.7142857142857143,0.8465117170836107
rf,415,CO[C@@H]1CCN(C(=O)c2nc(N[C@@H](C)c3cncc(Cl)c3)nc3ccsc23)C1,6.522878646850586,6.510884323853756,0.40867163917678084,0.6753246753246753,0.011994322996829787
rf,416,CO[C@@H]1CCN(C(=O)c2nc(N[C@@H](C)c3cncc(F)c3)nc3cc(C)sc23)C1,7.12493896484375,6.619245425888497,0.4969503156441889,0.7066666666666667,0.5056935389552528
rf,417,CO[C@@H]1CCN(C(=O)c2nc(N[C@@H](C)c3cncc(F)c3)nc3ccsc23)C1,6.522878646850586,6.533303574406708,0.429060381216266,0.7532467532467533,0.010424927556122121
rf,422,CO[C@H]1CCN(C(=O)c2nc(N[C@@H](C)c3cccnc3)nc3cc(C)sc23)C1,6.522878646850586,6.585824332995164,0.46692517993198185,0.64,0.06294568614457763
rf,423,CO[C@H]1CCN(C(=O)c2nc(N[C@@H](C)c3cccnc3)nc3ccsc23)C1,7.12493896484375,6.477397088763557,0.3604981071988581,0.7142857142857143,0.6475418760801928
rf,424,CO[C@H]1CCN(C(=O)c2nc(N[C@@H](C)c3cncc(Cl)c3)nc3ccsc23)C1,6.522878646850586,6.510884323853756,0.40867163917678084,0.6753246753246753,0.011994322996829787
rf,425,CO[C@H]1CCN(C(=O)c2nc(N[C@@H](C)c3cncc(F)c3)nc3cc(C)sc23)C1,6.522878646850586,6.619245425888497,0.4969503156441889,0.7066666666666667,0.09636677903791124
rf,426,CO[C@H]1CCN(C(=O)c2nc(N[C@@H](C)c3cncc(F)c3)nc3ccsc23)C1,6.522878646850586,6.533303574406708,0.429060381216266,0.7532467532467533,0.010424927556122121
rf,589,COc1ccc(CNc2nc(C(=O)N3CCCC3)c3sccc3n2)cn1,7.12493896484375,6.592344764348695,0.48615718858851065,0.7258064516129032,0.5325942004950548
rf,680,COc1cncc(CNc2nc(C(=O)N3CCCC3)c3sccc3n2)c1,6.301030158996582,6.370482004424305,0.20920079093500185,0.7288135593220338,0.06945184542772331
rf,688,CS(=O)(=O)[C@@H]1CCN(C(=O)c2nc(NCc3cncc(F)c3)nc3ccsc23)C1,6.301030158996582,6.3838695719313145,0.38116306109374354,0.6901408450704225,0.08283941293473251
rf,695,C[C@@H](Nc1nc(C(=O)N2CCCC2)c2sccc2n1)c1cccnc1,5.170053482055664,6.418917066414943,0.12679813736336468,0.847457627118644,1.2488635843592792
rf,700,C[C@@H]1CCN(C(=O)c2nc(N[C@@H](C)c3cccnc3)nc3ccsc23)C1,6.522878646850586,6.522503000095096,0.4752195290140795,0.7692307692307693,0.00037564675549006665
rf,787,C[C@H](Nc1nc(C(=O)N2CCC(C(=O)NC(C)(C)C)C2)c2sccc2n1)c1cncc(F)c1,6.522878646850586,7.137989715737337,0.6816800672349841,0.782051282051282,0.6151110688867512
rf,788,C[C@H](Nc1nc(C(=O)N2CCC(C(=O)NCC(C)(C)C)C2)c2sccc2n1)c1cncc(F)c1,8.0,7.08900444085559,0.7460041125660879,0.7530864197530864,0.9109955591444097
rf,790,C[C@H](Nc1nc(C(=O)N2CCC(C(=O)O)C2)c2sccc2n1)c1cncc(F)c1,6.301030158996582,6.640050257187571,0.5606157498622579,0.7866666666666666,0.3390200981909892
rf,792,C[C@H](Nc1nc(C(=O)N2CCC(C(=O)OC(C)(C)C)C2)c2sccc2n1)c1cncc(F)c1,6.522878646850586,6.66746262822687,0.7914212083392261,0.75,0.14458398137628414
rf,793,C[C@H](Nc1nc(C(=O)N2CCC(C)(C)C2)c2sccc2n1)c1cccnc1,6.522878646850586,6.525974532793135,0.3880429289961602,0.7538461538461538,0.003095885942548726
rf,795,C[C@H](Nc1nc(C(=O)N2CCC(F)(F)C2)c2sccc2n1)c1cccnc1,6.522878646850586,6.428107866468316,0.20327355731401792,0.7424242424242424,0.09477078038227038
rf,804,C[C@H](Nc1nc(C(=O)N2CCCC2)c2sc(C(F)(F)F)cc2n1)c1cccnc1,6.301030158996582,6.42826301377582,0.2538779824124754,0.6857142857142857,0.12723285477923785
rf,805,C[C@H](Nc1nc(C(=O)N2CCCC2)c2sc(N)cc2n1)c1cncc(F)c1,6.522878646850586,6.477386252947957,0.37940869630564655,0.6619718309859155,0.04549239390262905
rf,808,C[C@H](Nc1nc(C(=O)N2CCCC2)c2sccc2n1)c1cccnc1,6.32975435256958,6.418917066414943,0.12679813736336468,0.847457627118644,0.08916271384536323
rf,811,C[C@H](Nc1nc(C(=O)N2CCCC2)c2sccc2n1)c1cncc(Cl)c1,6.522878646850586,6.444396173777396,0.276818698671803,0.7333333333333333,0.07848247307318967
rf,812,C[C@H](Nc1nc(C(=O)N2CCCC2)c2sccc2n1)c1cncc(F)c1,6.522878646850586,6.45068147493155,0.16012117631615716,0.8,0.07219717191903552
rf,815,C[C@H](Nc1nc(C(=O)N2CCC[C@@H]2C)c2sccc2n1)c1cccnc1,6.522878646850586,6.65888499804789,0.4761596990991598,0.6911764705882353,0.1360063511973042
rf,816,C[C@H](Nc1nc(C(=O)N2CCC[C@@H]2C)c2sccc2n1)c1cncc(F)c1,6.522878646850586,6.675639084477232,0.4856412122150433,0.7083333333333334,0.15276043762664582
rf,817,C[C@H](Nc1nc(C(=O)N2CCC[C@@H]2CO)c2sccc2n1)c1cccnc1,6.301030158996582,6.527173014831848,0.42416623667747466,0.6619718309859155,0.22614285583526605
rf,818,C[C@H](Nc1nc(C(=O)N2CCC[C@H]2C)c2sccc2n1)c1cccnc1,6.301030158996582,6.65888499804789,0.4761596990991598,0.6911764705882353,0.3578548390513081
rf,819,C[C@H](Nc1nc(C(=O)N2CCC[C@H]2C)c2sccc2n1)c1cncc(F)c1,6.522878646850586,6.675639084477232,0.4856412122150433,0.7083333333333334,0.15276043762664582
rf,820,C[C@H](Nc1nc(C(=O)N2CCC[C@H]2CO)c2sccc2n1)c1cccnc1,6.301030158996582,6.527173014831848,0.42416623667747466,0.6619718309859155,0.22614285583526605
rf,832,C[C@H](Nc1nc(C(=O)N2CC[C@@H](CO)C2)c2sccc2n1)c1cccnc1,6.522878646850586,6.4227849491561,0.3245768758331098,0.7142857142857143,0.1000936976944855
rf,833,C[C@H](Nc1nc(C(=O)N2CC[C@@H](CO)C2)c2sccc2n1)c1cncc(F)c1,6.522878646850586,6.450036709238672,0.31765535950324975,0.7307692307692307,0.07284193761191382
rf,835,C[C@H](Nc1nc(C(=O)N2CC[C@@H](F)C2)c2sc(N)cc2n1)c1cccnc1,6.522878646850586,6.432614170858895,0.3827829648526134,0.5657894736842105,0.09026447599169085
rf,837,C[C@H](Nc1nc(C(=O)N2CC[C@@H](F)C2)c2sccc2n1)c1cccnc1,6.522878646850586,6.426879864905832,0.25853267158514265,0.746268656716418,0.09599878194475409
rf,838,C[C@H](Nc1nc(C(=O)N2CC[C@@H](F)C2)c2sccc2n1)c1cncc(F)c1,6.522878646850586,6.478135575543232,0.33321955408007387,0.7647058823529411,0.04474307130735422
rf,840,C[C@H](Nc1nc(C(=O)N2CC[C@@H](N)C2)c2sccc2n1)c1cccnc1,6.301030158996582,6.4454919309030005,0.28113512004981417,0.7352941176470589,0.1444617719064185
rf,842,C[C@H](Nc1nc(C(=O)N2CC[C@@H](NC(=O)OC(C)(C)C)C2)c2sccc2n1)c1cccnc1,6.522878646850586,6.897397377005388,0.537561671976233,0.6493506493506493,0.37451873015480164
rf,844,C[C@H](Nc1nc(C(=O)N2CC[C@@H](O)C2)c2sc(C(F)(F)F)cc2n1)c1cccnc1,6.301030158996582,6.448263073915303,0.32332107070003663,0.64,0.14723291491872104
rf,845,C[C@H](Nc1nc(C(=O)N2CC[C@@H](O)C2)c2sc(C(F)(F)F)cc2n1)c1cncc(F)c1,6.301030158996582,6.484615035933936,0.3822167455310764,0.6351351351351351,0.1835848769373536
rf,847,C[C@H](Nc1nc(C(=O)N2CC[C@@H](O)C2)c2sc(N)cc2n1)c1cccnc1,6.301030158996582,6.408434961372384,0.2843647661736246,0.6301369863013698,0.10740480237580208
rf,848,C[C@H](Nc1nc(C(=O)N2CC[C@@H](O)C2)c2sc(N)cc2n1)c1cncc(F)c1,6.522878646850586,6.473897852540089,0.3881686536091128,0.6153846153846154,0.048980794310496734
rf,851,C[C@H](Nc1nc(C(=O)N2CC[C@@H](O)C2)c2sccc2n1)c1cccnc1,6.301030158996582,6.411166797856403,0.11774708335492763,0.75,0.11013663885982083
rf,853,C[C@H](Nc1nc(C(=O)N2CC[C@@H](O)C2)c2sccc2n1)c1cncc(Cl)c1,6.301030158996582,6.459265365941383,0.3329486527246968,0.704225352112676,0.1582352069448012
rf,854,C[C@H](Nc1nc(C(=O)N2CC[C@@H](O)C2)c2sccc2n1)c1cncc(F)c1,6.301030158996582,6.459515758009172,0.24860988643818233,0.8059701492537313,0.1584855990125904
rf,856,C[C@H](Nc1nc(C(=O)N2CC[C@@H](S(C)(=O)=O)C2)c2sccc2n1)c1cccnc1,6.301030158996582,6.487722247961751,0.4505515899205749,0.7246376811594203,0.1866920889651693
rf,857,C[C@H](Nc1nc(C(=O)N2CC[C@H](CO)C2)c2sccc2n1)c1cccnc1,6.522878646850586,6.4227849491561,0.3245768758331098,0.7142857142857143,0.1000936976944855
rf,858,C[C@H](Nc1nc(C(=O)N2CC[C@H](CO)C2)c2sccc2n1)c1cncc(F)c1,6.522878646850586,6.450036709238672,0.31765535950324975,0.7307692307692307,0.07284193761191382
rf,859,C[C@H](Nc1nc(C(=O)N2CC[C@H](F)C2)c2sc(N)cc2n1)c1cccnc1,6.522878646850586,6.432614170858895,0.3827829648526134,0.5657894736842105,0.09026447599169085
rf,861,C[C@H](Nc1nc(C(=O)N2CC[C@H](F)C2)c2sccc2n1)c1cccnc1,7.12493896484375,6.426879864905832,0.25853267158514265,0.746268656716418,0.6980590999379181
rf,862,C[C@H](Nc1nc(C(=O)N2CC[C@H](F)C2)c2sccc2n1)c1cncc(F)c1,6.522878646850586,6.478135575543232,0.33321955408007387,0.7647058823529411,0.04474307130735422
rf,863,C[C@H](Nc1nc(C(=O)N2CC[C@H](N)C2)c2sccc2n1)c1cccnc1,6.301030158996582,6.4454919309030005,0.28113512004981417,0.7352941176470589,0.1444617719064185
rf,864,C[C@H](Nc1nc(C(=O)N2CC[C@H](N)C2)c2sccc2n1)c1cncc(F)c1,6.301030158996582,6.514314558054845,0.38668091833938784,0.75,0.21328439905826269
rf,866,C[C@H](Nc1nc(C(=O)N2CC[C@H](NC(=O)OC(C)(C)C)C2)c2sccc2n1)c1cccnc1,7.12493896484375,6.897397377005388,0.537561671976233,0.6493506493506493,0.22754158783836242
rf,868,C[C@H](Nc1nc(C(=O)N2CC[C@H](O)C2)c2sc(C(F)(F)F)cc2n1)c1cccnc1,6.301030158996582,6.448263073915303,0.32332107070003663,0.64,0.14723291491872104
rf,869,C[C@H](Nc1nc(C(=O)N2CC[C@H](O)C2)c2sc(C(F)(F)F)cc2n1)c1cncc(F)c1,6.301030158996582,6.484615035933936,0.3822167455310764,0.6351351351351351,0.1835848769373536
rf,870,C[C@H](Nc1nc(C(=O)N2CC[C@H](O)C2)c2sc(N)cc2n1)c1cccnc1,6.301030158996582,6.408434961372384,0.2843647661736246,0.6301369863013698,0.10740480237580208
rf,873,C[C@H](Nc1nc(C(=O)N2CC[C@H](O)C2)c2sccc2n1)c1cccnc1,6.301030158996582,6.411166797856403,0.11774708335492763,0.75,0.11013663885982083
rf,875,C[C@H](Nc1nc(C(=O)N2CC[C@H](O)C2)c2sccc2n1)c1cncc(Cl)c1,6.301030158996582,6.459265365941383,0.3329486527246968,0.704225352112676,0.1582352069448012
rf,876,C[C@H](Nc1nc(C(=O)N2CC[C@H](O)C2)c2sccc2n1)c1cncc(F)c1,6.301030158996582,6.459515758009172,0.24860988643818233,0.8059701492537313,0.1584855990125904
rf,970,C[C@H]1CCN(C(=O)c2nc(N[C@@H](C)c3cccnc3)nc3ccsc23)C1,6.522878646850586,6.522503000095096,0.4752195290140795,0.7692307692307693,0.00037564675549006665
rf,1124,Cc1cc2nc(N[C@@H](C)c3cccnc3)nc(C(=O)N3CCCC3)c2s1,6.411954402923584,6.498320364321978,0.3149189704226913,0.676923076923077,0.08636596139839359
rf,1125,Cc1cc2nc(N[C@@H](C)c3cccnc3)nc(C(=O)N3CC[C@@H](CO)C3)c2s1,6.301030158996582,6.428213737270104,0.3641094804360694,0.6493506493506493,0.127183578273522
rf,1126,Cc1cc2nc(N[C@@H](C)c3cccnc3)nc(C(=O)N3CC[C@@H](O)C3)c2s1,6.301030158996582,6.466146188156202,0.28155935944557947,0.625,0.16511602915961987
rf,1127,Cc1cc2nc(N[C@@H](C)c3cccnc3)nc(C(=O)N3CC[C@H](CO)C3)c2s1,6.301030158996582,6.428213737270104,0.3641094804360694,0.6493506493506493,0.127183578273522
rf,1128,Cc1cc2nc(N[C@@H](C)c3cccnc3)nc(C(=O)N3CC[C@H](O)C3)c2s1,6.301030158996582,6.466146188156202,0.28155935944557947,0.625,0.16511602915961987
rf,1170,Cc1cc2nc(N[C@@H](C)c3cncc(F)c3)nc(C(=O)N3CCCC3)c2s1,7.12493896484375,6.547959666222905,0.3469598724186292,0.8,0.5769792986208451
rf,1173,Cc1cc2nc(N[C@@H](C)c3cncc(F)c3)nc(C(=O)N3CC[C@@H](CN)C3)c2s1,6.301030158996582,6.45279499672033,0.3249484995181388,0.6973684210526315,0.15176483772374816
rf,1174,Cc1cc2nc(N[C@@H](C)c3cncc(F)c3)nc(C(=O)N3CC[C@@H](CO)C3)c2s1,6.522878646850586,6.447078284615907,0.36064767968157857,0.7066666666666667,0.07580036223467879
rf,1175,Cc1cc2nc(N[C@@H](C)c3cncc(F)c3)nc(C(=O)N3CC[C@@H](N)C3)c2s1,6.301030158996582,6.585503552138275,0.46882905368433553,0.726027397260274,0.28447339314169273
rf,1177,Cc1cc2nc(N[C@@H](C)c3cncc(F)c3)nc(C(=O)N3CC[C@@H](O)C3)c2s1,6.522878646850586,6.512601186909843,0.3411830396063474,0.7361111111111112,0.010277459940742695
rf,1179,Cc1cc2nc(N[C@@H](C)c3cncc(F)c3)nc(C(=O)N3CC[C@H](CN)C3)c2s1,6.301030158996582,6.45279499672033,0.3249484995181388,0.6973684210526315,0.15176483772374816
rf,1180,Cc1cc2nc(N[C@@H](C)c3cncc(F)c3)nc(C(=O)N3CC[C@H](CO)C3)c2s1,7.12493896484375,6.447078284615907,0.36064767968157857,0.7066666666666667,0.6778606802278428
rf,1181,Cc1cc2nc(N[C@@H](C)c3cncc(F)c3)nc(C(=O)N3CC[C@H](N)C3)c2s1,6.301030158996582,6.585503552138275,0.46882905368433553,0.726027397260274,0.28447339314169273
rf,1183,Cc1cc2nc(N[C@@H](C)c3cncc(F)c3)nc(C(=O)N3CC[C@H](O)C3)c2s1,6.522878646850586,6.512601186909843,0.3411830396063474,0.7361111111111112,0.010277459940742695
rf,1348,Cc1cncc(CNc2nc(C(=O)N3CCCC3)c3sccc3n2)c1,6.301030158996582,6.348656399066342,0.15563237095280127,0.7678571428571429,0.047626240069759795
rf,1349,Cc1cncc(CNc2nc(C(=O)N3CC[C@H](O)C3)c3sccc3n2)c1,6.301030158996582,6.350624596212622,0.18040749572569062,0.7301587301587301,0.04959443721604018
rf,1356,Cc1csc2c(C(=O)N3CCCC3)nc(N[C@@H](C)c3cncc(F)c3)nc12,7.522878646850586,6.867094428528443,0.6665742429474247,0.6623376623376623,0.6557842183221432
rf,1357,Cc1csc2c(C(=O)N3CC[C@H](O)C3)nc(N[C@@H](C)c3cncc(F)c3)nc12,6.522878646850586,6.8151681445103,0.6596913313099664,0.6419753086419753,0.2922894976597137
rf,1374,Cc1ncccc1CNc1nc(C(=O)N2CCCC2)c2sccc2n1,6.522878646850586,6.483621452774698,0.2936330578714585,0.7068965517241379,0.0392571940758879
rf,1502,N#Cc1cncc(CNc2nc(C(=O)N3CCCC3)c3sccc3n2)c1,6.301030158996582,6.354165485001967,0.25045517649453936,0.7288135593220338,0.05313532600538462
rf,1506,NC(=O)c1cncc(CNc2nc(C(=O)N3CCCC3)c3sccc3n2)c1,6.301030158996582,6.348511793091779,0.3096273916497773,0.7413793103448276,0.04748163409519712
rf,1507,N[C@@H]1CCN(C(=O)c2nc(NCc3cncc(F)c3)nc3ccsc23)C1,6.301030158996582,6.364784770720255,0.17781543709433775,0.8387096774193549,0.06375461172367292
rf,1509,N[C@H]1CCN(C(=O)c2nc(NCc3cncc(F)c3)nc3ccsc23)C1,6.301030158996582,6.364784770720255,0.17781543709433775,0.8387096774193549,0.06375461172367292
rf,1513,Nc1cc2nc(NCc3cccnc3)nc(C(=O)N3CCCC3)c2s1,6.301030158996582,5.915884556036611,0.48532162962844777,0.65625,0.38514560295997136
rf,1696,O=C(c1nc(NC(CO)c2cccnc2)nc2ccsc12)N1CCCC1,6.301030158996582,6.425916766183225,0.18925039542420158,0.6666666666666666,0.12488660718664324
rf,1701,O=C(c1nc(NCc2ccc(C(F)(F)F)nc2)nc2ccsc12)N1CCCC1,6.522878646850586,6.244842241298849,0.4412109676102788,0.6833333333333333,0.27803640555173725
rf,1702,O=C(c1nc(NCc2ccc(C(F)(F)F)nc2)nc2ccsc12)N1CC[C@H](O)C1,6.301030158996582,6.234905807893102,0.45248668726705304,0.7076923076923077,0.06612435110347992
rf,1717,O=C(c1nc(NCc2cccnc2)nc2ccsc12)N1CCCC1,5.2121148109436035,6.093671163467751,0.39385152611853225,0.7962962962962963,0.8815563525241474
rf,1718,O=C(c1nc(NCc2cccnc2)nc2ccsc12)N1CC[C@@H](O)C1,6.301030158996582,6.121785626929343,0.37164456216641467,0.8135593220338984,0.1792445320672389
rf,1721,O=C(c1nc(NCc2cncc(C(F)(F)F)c2)nc2ccsc12)N1CC[C@H](O)C1,6.301030158996582,6.348559445120136,0.2327115533019105,0.696969696969697,0.047529286123554115
rf,1722,O=C(c1nc(NCc2cncc(Cl)c2)nc2ccsc12)N1CCCC1,6.301030158996582,6.358179631484729,0.22623130102090902,0.7758620689655172,0.05714947248814717
rf,1726,O=C(c1nc(NCc2cncc(F)c2)nc2ccsc12)N1CCCC1,6.522878646850586,6.368713274239791,0.10337177019664852,0.7868852459016393,0.15416537261079455
rf,1728,O=C(c1nc(NCc2cncc(F)c2)nc2ccsc12)N1CC[C@@H](F)C1,6.522878646850586,6.36242543542644,0.1479573876369518,0.7538461538461538,0.16045321142414615
rf,1729,O=C(c1nc(NCc2cncc(F)c2)nc2ccsc12)N1CC[C@@H](O)C1,6.522878646850586,6.370192451415021,0.11559626371721443,0.796875,0.15268619543556472
rf,1730,O=C(c1nc(NCc2cncc(F)c2)nc2ccsc12)N1CC[C@H](F)C1,6.301030158996582,6.36242543542644,0.1479573876369518,0.7538461538461538,0.06139527642985776
rf,1731,O=C(c1nc(NCc2cncc(F)c2)nc2ccsc12)N1CC[C@H](O)C1,6.301030158996582,6.370192451415021,0.11559626371721443,0.796875,0.06916229241843919
rf,7,CC(=O)N(C)C1CN(C(=O)c2nc(N[C@@H](C)c3cncc(F)c3)nc3cc(C)sc23)C1,6.301030158996582,6.819432927725113,0.6084772181499732,0.7162162162162162,0.5184027687285306
rf,10,CC(=O)NC1CN(C(=O)c2nc(N[C@@H](C)c3cncc(F)c3)nc3cc(C)sc23)C1,6.522878646850586,7.368946034431458,0.40097097093464973,0.8382352941176471,0.846067387580872
rf,11,CC(=O)NC1CN(C(=O)c2nc(N[C@@H](C)c3cncc(F)c3)nc3ccsc23)C1,6.522878646850586,7.379639650344848,0.41962128376128777,0.8382352941176471,0.8567610034942623
rf,12,CC(=O)NCC1CN(C(=O)c2nc(N[C@@H](C)c3cncc(F)c3)nc3ccsc23)C1,6.522878646850586,6.662816264476218,0.5102725261561472,0.72,0.13993761762563217
rf,54,CC(C)C(=O)NC1CN(C(=O)c2nc(N[C@@H](C)c3cncc(F)c3)nc3ccsc23)C1,7.522878646850586,7.550870683670044,0.2050716479728408,0.8260869565217391,0.027992036819457944
rf,55,CC(C)C(=O)NCC1CN(C(=O)c2nc(N[C@@H](C)c3cncc(F)c3)nc3ccsc23)C1,7.12493896484375,6.649600656084161,0.4627813879541036,0.7105263157894737,0.47533830875958927
rf,62,CC(C)OC(=O)NC1CN(C(=O)c2nc(N[C@@H](C)c3cncc(F)c3)nc3ccsc23)C1,7.522878646850586,7.447666907310486,0.28192265559216,0.8108108108108109,0.07521173954009974
rf,97,CC1(O)CN(C(=O)c2nc(NCc3cncc(F)c3)nc3ccsc23)C1,6.301030158996582,6.37317878360074,0.17193053978313574,0.7424242424242424,0.07214862460415805
rf,104,CC1CCN1C(=O)c1nc(N[C@@H](C)c2cncc(F)c2)nc2ccsc12,7.12493896484375,6.688611321184319,0.48100402857440316,0.704225352112676,0.436327643659431
rf,114,CCC(CC)NC(=O)NC1CN(C(=O)c2nc(N[C@@H](C)c3cncc(F)c3)nc3ccsc23)C1,8.0,7.247792925924221,0.6758540777100339,0.7972972972972973,0.7522070740757787
rf,211,CCNC(=O)CC1CN(C(=O)c2nc(N[C@@H](C)c3cncc(F)c3)nc3cc(C)sc23)C1,7.12493896484375,6.6635387015971075,0.5222784344802052,0.6883116883116883,0.4614002632466425
rf,237,CCNC1CN(C(=O)c2nc(N[C@@H](C)c3cncc(F)c3)nc3cc(C)sc23)C1,6.301030158996582,6.839413893640798,0.6281046457875845,0.7746478873239436,0.5383837346442162
rf,247,CCOC(=O)N(C)C1CN(C(=O)c2nc(N[C@@H](C)c3cncc(F)c3)nc3cc(C)sc23)C1,7.12493896484375,6.906574399176071,0.7658400058110184,0.6708860759493671,0.21836456566767914
rf,254,CCOc1ccc(CNc2nc(C(=O)N3CCC3)c3sccc3n2)cn1,6.522878646850586,6.418106112938879,0.47237391813845503,0.6451612903225806,0.10477253391170738
rf,277,CN(C(=O)OC(C)(C)C)C1CN(C(=O)c2nc(NCc3cncc(F)c3)nc3ccsc23)C1,6.522878646850586,6.573004560136167,0.4952047897830411,0.7105263157894737,0.050125913285580914
rf,305,CNC(=O)NCC1CN(C(=O)c2nc(N[C@@H](C)c3cncc(F)c3)nc3ccsc23)C1,6.522878646850586,6.604569324724855,0.5156447672451752,0.7012987012987013,0.08169067787426876
rf,308,CNC1CN(C(=O)c2nc(NCc3cncc(F)c3)nc3ccsc23)C1,6.301030158996582,6.745357791272609,0.5249634928957375,0.7014925373134329,0.44432763227602656
rf,309,CNC1CN(C(=O)c2nc(N[C@@H](C)c3cncc(F)c3)nc3cc(C)sc23)C1,6.301030158996582,7.166389721260862,0.5381196265413916,0.8088235294117647,0.8653595622642802
rf,322,CNc1cc2nc(N[C@@H](C)c3cccnc3)nc(C(=O)N3CC(O)C3)c2s1,6.301030158996582,6.4750799982774,0.3309886544035555,0.7205882352941176,0.1740498392808183
rf,324,CNc1cc2nc(N[C@@H](C)c3cccnc3)nc(C(=O)N3CCC3)c2s1,6.522878646850586,6.514397710782772,0.3363985117742311,0.7121212121212122,0.008480936067813971
rf,329,CNc1cc2nc(N[C@@H](C)c3cncc(F)c3)nc(C(=O)N3CC(OC)C3)c2s1,6.522878646850586,6.787423422180772,0.5910076090111495,0.6153846153846154,0.2645447753301857
rf,330,CNc1cc2nc(N[C@@H](C)c3cncc(F)c3)nc(C(=O)N3CCC3)c2s1,6.522878646850586,6.5706207956840625,0.34691772459062437,0.6527777777777778,0.047742148833476605
rf,353,COC1CN(C(=O)c2nc(NCc3cncc(F)c3)nc3ccsc23)C1,6.522878646850586,6.555700627994113,0.469766972061125,0.6911764705882353,0.032821981143526635
rf,356,COC1CN(C(=O)c2nc(N[C@@H](C)c3cccnc3)nc3cc(C)sc23)C1,7.12493896484375,6.801809165457626,0.5465590540884689,0.7246376811594203,0.3231297993861242
rf,357,COC1CN(C(=O)c2nc(N[C@@H](C)c3cccnc3)nc3ccsc23)C1,7.12493896484375,6.614230456475829,0.43981724389585847,0.7313432835820896,0.5107085083679213
rf,358,COC1CN(C(=O)c2nc(N[C@@H](C)c3cncc(Cl)c3)nc3ccsc23)C1,6.522878646850586,6.716825176986827,0.5387754494827477,0.7361111111111112,0.19394653013624108
rf,359,COC1CN(C(=O)c2nc(N[C@@H](C)c3cncc(F)c3)nc3cc(C)sc23)C1,7.12493896484375,6.861151673812029,0.5868595699174454,0.7464788732394366,0.26378729103172116
rf,360,COC1CN(C(=O)c2nc(N[C@@H](C)c3cncc(F)c3)nc3ccsc23)C1,6.522878646850586,6.761247272210054,0.5646070625342834,0.7464788732394366,0.23836862535946768
rf,363,COCC(Nc1nc(C(=O)N2CC(OC)C2)c2sccc2n1)c1cccnc1,7.12493896484375,6.586830357047378,0.4367044103684112,0.7,0.5381086077963717
rf,364,COCC(Nc1nc(C(=O)N2CCC2)c2sccc2n1)c1cccnc1,6.301030158996582,6.472075610200387,0.23901559866029676,0.7058823529411765,0.17104545120380532
rf,373,COCCC(=O)NC1CN(C(=O)c2nc(N[C@@H](C)c3cncc(F)c3)nc3cc(C)sc23)C1,7.522878646850586,7.048941226333895,0.591261491985226,0.75,0.4739374205166911
rf,389,COC[C@@H](Nc1nc(C(=O)N2CCC2)c2sccc2n1)c1cccnc1,6.522878646850586,6.472075610200387,0.23901559866029676,0.7058823529411765,0.050803036650198585
rf,395,COC[C@@H]1CCN1C(=O)c1nc(N[C@@H](C)c2cncc(F)c2)nc2cc(C)sc12,6.301030158996582,6.63654180832507,0.4554756152033189,0.6493506493506493,0.3355116493284882
rf,396,COC[C@@H]1CCN1C(=O)c1nc(N[C@@H](C)c2cncc(F)c2)nc2ccsc12,6.301030158996582,6.610014968581891,0.42325560528323286,0.6708860759493671,0.3089848095853087
rf,403,COC[C@H]1CCN1C(=O)c1nc(N[C@@H](C)c2cncc(F)c2)nc2cc(C)sc12,6.301030158996582,6.63654180832507,0.4554756152033189,0.6493506493506493,0.3355116493284882
rf,404,COC[C@H]1CCN1C(=O)c1nc(N[C@@H](C)c2cncc(F)c2)nc2ccsc12,6.301030158996582,6.610014968581891,0.42325560528323286,0.6708860759493671,0.3089848095853087
rf,677,COc1cncc(CNc2nc(C(=O)N3CC(C)C3)c3sccc3n2)c1,6.301030158996582,6.572326766819305,0.5572507839024524,0.6666666666666666,0.27129660782272325
rf,678,COc1cncc(CNc2nc(C(=O)N3CC(O)C3)c3sccc3n2)c1,6.301030158996582,6.500301042072836,0.38880834343392146,0.7692307692307693,0.19927088307625418
rf,679,COc1cncc(CNc2nc(C(=O)N3CCC3)c3sccc3n2)c1,6.301030158996582,6.38739613378667,0.21592582141140007,0.7,0.08636597479008756
rf,720,C[C@H](Nc1nc(C(=O)N2CC(C(=O)NCCO)C2)c2sccc2n1)c1cncc(F)c1,6.301030158996582,7.029432732105588,0.7714652358689692,0.7432432432432432,0.7284025731090056
rf,721,C[C@H](Nc1nc(C(=O)N2CC(C(=O)NOC(C)(C)C)C2)c2sccc2n1)c1cncc(F)c1,7.12493896484375,7.257814895136426,0.6810202625490546,0.725,0.13287593029267608
rf,722,C[C@H](Nc1nc(C(=O)N2CC(C(=O)OC(C)(C)C)C2)c2sccc2n1)c1cncc(F)c1,6.522878646850586,6.90865600781327,0.6147439881563009,0.7567567567567568,0.3857773609626838
rf,723,C[C@H](Nc1nc(C(=O)N2CC(C(N)=O)C2)c2sccc2n1)c1cncc(F)c1,6.301030158996582,6.873969409156806,0.6344048551121316,0.7714285714285715,0.572939250160224
rf,726,C[C@H](Nc1nc(C(=O)N2CC(CC(=O)NC(C)(C)C)C2)c2sccc2n1)c1cncc(F)c1,7.522878646850586,6.6512668103198,0.4866004840091257,0.6794871794871795,0.8716118365307857
rf,727,C[C@H](Nc1nc(C(=O)N2CC(CN(C)C(=O)C(C)(C)C)C2)c2sccc2n1)c1cncc(F)c1,7.522878646850586,6.616063097438722,0.6329563474244828,0.6794871794871795,0.9068155494118644
rf,728,C[C@H](Nc1nc(C(=O)N2CC(CN(C)C(=O)CC(C)(C)C)C2)c2sccc2n1)c1cncc(F)c1,7.12493896484375,6.649644238344947,0.5461097396948685,0.6582278481012658,0.4752947264988032
rf,729,C[C@H](Nc1nc(C(=O)N2CC(CN(C)C(=O)OC(C)(C)C)C2)c2sccc2n1)c1cncc(F)c1,6.522878646850586,6.686707035256998,0.5819713170601599,0.691358024691358,0.16382838840641245
rf,730,C[C@H](Nc1nc(C(=O)N2CC(CN)C2)c2sccc2n1)c1cncc(F)c1,6.301030158996582,6.627665290494563,0.47388868945054735,0.7361111111111112,0.32663513149798096
rf,731,C[C@H](Nc1nc(C(=O)N2CC(CNC(=O)C(C)(C)C)C2)c2sccc2n1)c1cncc(F)c1,6.522878646850586,6.640934722584464,0.46811228476607286,0.7123287671232876,0.118056075733878
rf,732,C[C@H](Nc1nc(C(=O)N2CC(CNC(=O)N(C)C)C2)c2sccc2n1)c1cncc(F)c1,7.12493896484375,6.41825439542078,0.6483687020975333,0.7066666666666667,0.7066845694229702
rf,733,C[C@H](Nc1nc(C(=O)N2CC(CNC(=O)OC(C)(C)C)C2)c2sccc2n1)c1cncc(F)c1,7.522878646850586,6.7283345561734995,0.5201361940895264,0.7088607594936709,0.7945440906770864
rf,734,C[C@H](Nc1nc(C(=O)N2CC(CNC(=O)OCC(C)(C)C)C2)c2sccc2n1)c1cncc(F)c1,7.522878646850586,6.59877858706662,0.4341836126421187,0.7283950617283951,0.9241000597839664
rf,735,C[C@H](Nc1nc(C(=O)N2CC(CNS(C)(=O)=O)C2)c2sccc2n1)c1cncc(F)c1,6.522878646850586,6.650626472151839,0.485495032788262,0.6883116883116883,0.1277478253012534
rf,737,C[C@H](Nc1nc(C(=O)N2CC(F)(F)C2)c2sccc2n1)c1cccnc1,6.522878646850586,6.444679799058355,0.1551464312556249,0.8095238095238095,0.07819884779223063
rf,738,C[C@H](Nc1nc(C(=O)N2CC(N)C2)c2sccc2n1)c1cncc(F)c1,6.301030158996582,6.728587870057437,0.5166091815577795,0.7681159420289855,0.42755771106085483
rf,739,C[C@H](Nc1nc(C(=O)N2CC(NC(=O)C(C)(C)C(F)(F)F)C2)c2sccc2n1)c1cncc(F)c1,8.0,7.549063052177429,0.2551990863330906,0.7808219178082192,0.4509369478225711
rf,741,C[C@H](Nc1nc(C(=O)N2CC(NC(=O)C(C)(C)C)C2)c2sccc2n1)c1cncc(Cl)c1,8.0,7.459570256175374,0.35509008976888856,0.7808219178082192,0.5404297438246264
rf,742,C[C@H](Nc1nc(C(=O)N2CC(NC(=O)C(C)(C)C)C2)c2sccc2n1)c1cncc(F)c1,8.0,7.503951223373413,0.3163231162814297,0.8028169014084507,0.4960487766265871
rf,762,C[C@H](Nc1nc(C(=O)N2CC(NC(=O)CC(C)(C)C)C2)c2sccc2n1)c1cncc(F)c1,7.522878646850586,7.137030135190167,0.5975356639941029,0.7808219178082192,0.3858485116604191
rf,764,C[C@H](Nc1nc(C(=O)N2CC(NC(=O)NC(C)(C)C)C2)c2sccc2n1)c1cncc(F)c1,8.0,7.570686327934265,0.23791852827347956,0.8194444444444444,0.4293136720657351
rf,767,C[C@H](Nc1nc(C(=O)N2CC(NC(=O)OC(C)(C)C)C2)c2sccc2n1)c1cncc(F)c1,7.522878646850586,7.454438488006592,0.29088280841541325,0.7894736842105263,0.06844015884399379
rf,782,C[C@H](Nc1nc(C(=O)N2CC(O)C2)c2sc(N)cc2n1)c1cccnc1,6.301030158996582,6.480599631139104,0.3463266001747954,0.7164179104477612,0.17956947214252228
rf,784,C[C@H](Nc1nc(C(=O)N2CC(O)C2)c2sccc2n1)c1cccnc1,6.522878646850586,6.5114413306415955,0.2537935325457567,0.7619047619047619,0.011437316208990467
rf,785,C[C@H](Nc1nc(C(=O)N2CC(O)C2)c2sccc2n1)c1cncc(F)c1,6.522878646850586,6.661279656885267,0.46177501614042754,0.7794117647058824,0.13840101003468064
rf,797,C[C@H](Nc1nc(C(=O)N2CCC2)c2sc(N)cc2n1)c1cccnc1,6.522878646850586,6.496440913680321,0.3592649466843104,0.7076923076923077,0.026437733170264544
rf,798,C[C@H](Nc1nc(C(=O)N2CCC2)c2sc(N)cc2n1)c1cncc(F)c1,7.12493896484375,6.55444795658047,0.42451910166726153,0.6619718309859155,0.5704910082632804
rf,801,C[C@H](Nc1nc(C(=O)N2CCC2)c2sccc2n1)c1cccnc1,6.522878646850586,6.544354933300812,0.27859459350584004,0.847457627118644,0.021476286450226034
rf,802,C[C@H](Nc1nc(C(=O)N2CCC2)c2sccc2n1)c1cncc(Cl)c1,6.522878646850586,6.533643722912004,0.355355070229391,0.7083333333333334,0.010765076061417744
rf,803,C[C@H](Nc1nc(C(=O)N2CCC2)c2sccc2n1)c1cncc(F)c1,7.12493896484375,6.573803730502744,0.30003801524800267,0.8,0.5511352343410056
rf,1118,Cc1cc2nc(N[C@@H](C)c3cccnc3)nc(C(=O)N3CC(CN(C)C)C3)c2s1,6.301030158996582,6.542349711183051,0.44609797102346516,0.6164383561643836,0.24131955218646883
rf,1119,Cc1cc2nc(N[C@@H](C)c3cccnc3)nc(C(=O)N3CC(CN)C3)c2s1,6.301030158996582,6.515196154011615,0.3680571205618548,0.7285714285714285,0.21416599501503253
rf,1120,Cc1cc2nc(N[C@@H](C)c3cccnc3)nc(C(=O)N3CC(CNC(=O)OC(C)(C)C)C3)c2s1,6.301030158996582,6.610282309918535,0.3971222887825231,0.759493670886076,0.309252150921953
rf,1121,Cc1cc2nc(N[C@@H](C)c3cccnc3)nc(C(=O)N3CC(CO)C3)c2s1,6.301030158996582,6.52997231476455,0.42733637575299704,0.6666666666666666,0.22894215576796828
rf,1122,Cc1cc2nc(N[C@@H](C)c3cccnc3)nc(C(=O)N3CC(O)C3)c2s1,6.522878646850586,6.528148074133859,0.32395566090703953,0.7121212121212122,0.005269427283272954
rf,1123,Cc1cc2nc(N[C@@H](C)c3cccnc3)nc(C(=O)N3CCC3)c2s1,6.522878646850586,6.600624774305026,0.3680234776320013,0.703125,0.0777461274544402
rf,1140,Cc1cc2nc(N[C@@H](C)c3cncc(F)c3)nc(C(=O)N3CC(C(=O)NOC(C)(C)C)C3)c2s1,7.12493896484375,7.270767769083381,0.6741198432873646,0.7631578947368421,0.14582880423963118
rf,1141,Cc1cc2nc(N[C@@H](C)c3cncc(F)c3)nc(C(=O)N3CC(C(=O)OC(C)(C)C)C3)c2s1,6.522878646850586,6.952756730447966,0.619224972244001,0.72,0.4298780835973801
rf,1142,Cc1cc2nc(N[C@@H](C)c3cncc(F)c3)nc(C(=O)N3CC(C(N)=O)C3)c2s1,6.301030158996582,6.892102682838396,0.6427662524519789,0.7714285714285715,0.591072523841814
rf,1143,Cc1cc2nc(N[C@@H](C)c3cncc(F)c3)nc(C(=O)N3CC(CC(=O)OC(C)(C)C)C3)c2s1,7.522878646850586,6.426555840498738,0.7564209501347482,0.7160493827160493,1.0963228063518482
rf,1144,Cc1cc2nc(N[C@@H](C)c3cncc(F)c3)nc(C(=O)N3CC(CN(C)C)C3)c2s1,6.823908805847168,6.627589329293614,0.5129346374366447,0.7162162162162162,0.19631947655355386
rf,1145,Cc1cc2nc(N[C@@H](C)c3cncc(F)c3)nc(C(=O)N3CC(CN)C3)c2s1,6.301030158996582,6.608221254389501,0.46840120500394367,0.7361111111111112,0.3071910953929189
rf,1146,Cc1cc2nc(N[C@@H](C)c3cncc(F)c3)nc(C(=O)N3CC(CNC(=O)C(C)(C)C)C3)c2s1,6.522878646850586,6.617918279929239,0.4563422018069261,0.6883116883116883,0.09503963307865337
rf,1147,Cc1cc2nc(N[C@@H](C)c3cncc(F)c3)nc(C(=O)N3CC(CNC(=O)CC(C)(C)C)C3)c2s1,7.12493896484375,6.572071871830669,0.42945358412255946,0.6708860759493671,0.5528670930130808
rf,1148,Cc1cc2nc(N[C@@H](C)c3cncc(F)c3)nc(C(=O)N3CC(CNC(=O)OC(C)(C)C)C3)c2s1,6.522878646850586,6.668146860549424,0.45984337430400585,0.7195121951219512,0.1452682136988379
rf,1149,Cc1cc2nc(N[C@@H](C)c3cncc(F)c3)nc(C(=O)N3CC(CO)C3)c2s1,6.522878646850586,6.612885056894037,0.4975711959288154,0.7464788732394366,0.09000641004345145
rf,1150,Cc1cc2nc(N[C@@H](C)c3cncc(F)c3)nc(C(=O)N3CC(CS(C)(=O)=O)C3)c2s1,6.301030158996582,6.544610401296003,0.6614392544339618,0.7066666666666667,0.2435802422994211
rf,1151,Cc1cc2nc(N[C@@H](C)c3cncc(F)c3)nc(C(=O)N3CC(N(C)C(=O)CC(C)(C)C)C3)c2s1,7.522878646850586,6.716537880237097,0.5936294639365065,0.6708860759493671,0.8063407666134887
rf,1152,Cc1cc2nc(N[C@@H](C)c3cncc(F)c3)nc(C(=O)N3CC(N(C)C(=O)OC(C)(C)C)C3)c2s1,6.522878646850586,6.833084764598848,0.6594857190215659,0.6790123456790124,0.3102061177482618
rf,1153,Cc1cc2nc(N[C@@H](C)c3cncc(F)c3)nc(C(=O)N3CC(N(C)C)C3)c2s1,6.301030158996582,6.72620616376521,0.5518611061620775,0.7464788732394366,0.4251760047686277
rf,1154,Cc1cc2nc(N[C@@H](C)c3cncc(F)c3)nc(C(=O)N3CC(N)C3)c2s1,6.301030158996582,6.74975195782007,0.5335811814430116,0.7681159420289855,0.44872179882348817
rf,1156,Cc1cc2nc(N[C@@H](C)c3cncc(F)c3)nc(C(=O)N3CC(NC(=O)C(C)(C)C)C3)c2s1,8.0,7.468257901191712,0.35404090455976267,0.8028169014084507,0.5317420988082882
rf,1157,Cc1cc2nc(N[C@@H](C)c3cncc(F)c3)nc(C(=O)N3CC(NC(=O)C(C)C)C3)c2s1,8.0,7.513247504234314,0.2644828456812666,0.8260869565217391,0.48675249576568635
rf,1163,Cc1cc2nc(N[C@@H](C)c3cncc(F)c3)nc(C(=O)N3CC(NC(=O)OC(C)(C)C)C3)c2s1,7.522878646850586,7.419079040527344,0.3349011258139514,0.7702702702702703,0.10379960632324181
rf,1164,Cc1cc2nc(N[C@@H](C)c3cncc(F)c3)nc(C(=O)N3CC(NC(=O)OC(C)C)C3)c2s1,7.522878646850586,7.416028548240662,0.3223095759374465,0.7916666666666666,0.10685009860992434
rf,1165,Cc1cc2nc(N[C@@H](C)c3cncc(F)c3)nc(C(=O)N3CC(NC(=O)OCC(C)(C)C)C3)c2s1,8.0,7.034532409700987,0.6023008490744084,0.7402597402597403,0.9654675902990126
rf,1168,Cc1cc2nc(N[C@@H](C)c3cncc(F)c3)nc(C(=O)N3CC(O)C3)c2s1,7.12493896484375,6.666753530721645,0.4702040384000494,0.7794117647058824,0.4581854341221048
rf,1169,Cc1cc2nc(N[C@@H](C)c3cncc(F)c3)nc(C(=O)N3CCC3)c2s1,7.12493896484375,6.642039017223133,0.39383359248883126,0.8,0.4828999476206173
rf,1178,Cc1cc2nc(N[C@@H](C)c3cncc(F)c3)nc(C(=O)N3CC[C@@H]3C)c2s1,7.522878646850586,6.740432290767593,0.5171095498451013,0.704225352112676,0.7824463560829926
rf,1184,Cc1cc2nc(N[C@@H](C)c3cncc(F)c3)nc(C(=O)N3CC[C@H]3C)c2s1,7.522878646850586,6.740432290767593,0.5171095498451013,0.704225352112676,0.7824463560829926
rf,1347,Cc1cncc(CNc2nc(C(=O)N3CCC3)c3sccc3n2)c1,6.301030158996582,6.367679956463583,0.16872465796986114,0.7368421052631579,0.06664979746700084
rf,1352,Cc1csc2c(C(=O)N3CC(NC(=O)C(C)(C)C)C3)nc(N[C@@H](C)c3cncc(F)c3)nc12,8.0,7.4922315063476566,0.3192149633682004,0.7215189873417721,0.5077684936523434
rf,1354,Cc1csc2c(C(=O)N3CCC3)nc(N[C@@H](C)c3cncc(F)c3)nc12,7.522878646850586,6.916337064891194,0.6578715669272421,0.6623376623376623,0.6065415819593918
rf,1720,O=C(c1nc(NCc2cncc(C(F)(F)F)c2)nc2ccsc12)N1CCC1,6.301030158996582,6.365714023739233,0.25104720087703475,0.7,0.06468386474265131
rf,1723,O=C(c1nc(NCc2cncc(F)c2)nc2ccsc12)N1CC(F)(F)C1,6.301030158996582,6.367566824366059,0.14036890801308885,0.734375,0.066536665369477
rf,1724,O=C(c1nc(NCc2cncc(F)c2)nc2ccsc12)N1CC(O)C1,6.301030158996582,6.50955272919861,0.3686643267915995,0.734375,0.20852257020202813
rf,1725,O=C(c1nc(NCc2cncc(F)c2)nc2ccsc12)N1CCC1,6.522878646850586,6.391564718593951,0.12596141405926228,0.8181818181818182,0.13131392825663468
rf,51,CC(C)(O)Cn1cc(N2CCC[C@@H](c3nc4c5cc(F)c(OC(F)F)cc5nc(N)n4n3)C2)cn1,8.130767822265625,8.106934265375138,0.47990158104831704,0.8227848101265823,0.023833556890487273
rf,88,CC(O)C(C)(C)n1cc(N2CCC[C@@H](c3nc4c5cc(F)cc(F)c5nc(N)n4n3)C2)cn1,8.420818328857422,8.751817759037019,0.4360548395133104,0.5930232558139535,0.3309994301795971
rf,89,CC(O)C(C)n1cc(N2CC(c3nc4c5cc(F)cc(F)c5nc(N)n4n3)CCC2C)cn1,8.107905387878418,9.086609893608092,0.4530644823981009,0.5056179775280899,0.9787045057296737
rf,90,CC(O)C(C)n1cc(N2CCC[C@@H](c3nc4c5cc(F)cc(F)c5nc(N)n4n3)C2)cn1,8.153664588928223,8.720281996822358,0.38965525059432526,0.5813953488372093,0.5666174078941353
rf,98,CC1CC(c2nc3c4cc(F)cc(F)c4nc(N)n3n2)CN(c2cnn(C(C)(C)CO)c2)C1,7.832773208618164,8.301982448514304,0.6829034055632389,0.5054945054945055,0.4692092398961396
rf,99,CC1CC(c2nc3c4cc(F)cc(F)c4nc(N)n3n2)CN(c2cnn(CC(C)(C)O)c2)C1,7.619788646697998,8.286304888502757,0.6660408198309001,0.6585365853658537,0.666516241804759
rf,101,CC1CCC(c2nc3c4cc(F)cc(F)c4nc(N)n3n2)CN1c1cnn(CC(C)(CO)CO)c1,7.916016578674316,8.501290368684133,0.6046314091308248,0.5568181818181818,0.5852737900098166
rf,102,CC1CCC(c2nc3c4cc(F)cc(F)c4nc(N)n3n2)CN1c1cnn(CC(C)(O)CO)c1,7.628127574920654,8.39768200135231,0.7933548838306357,0.5681818181818182,0.7695544264316556
rf,112,CCC(C)(O)Cn1cc(N2CCC[C@@H](c3nc4c5cc(F)c(OC)cc5nc(N)n4n3)C2)cn1,8.504386901855469,7.970697025791803,0.6084606058408925,0.8461538461538461,0.5336898760636659
rf,120,CCC1CCC(c2nc3c4cc(F)c(OC)cc4nc(N)n3n2)CN1c1cnn(CC(C)(C)O)c1,7.865103244781494,8.111071099599203,0.516428227808878,0.7439024390243902,0.24596785481770844
rf,273,CCn1cc(N2CCC[C@@H](c3nc4c5cc(F)c(OC)cc5nc(N)n4n3)C2)c(CO)n1,8.236572265625,8.337310563709623,0.7310437780978895,0.7037037037037037,0.10073829808462342
rf,429,COc1cc(Cl)cc2c1nc(N)n1nc(C3CCCN(c4cnn(C)c4)C3)nc21,7.752026557922363,8.726781559880573,0.37190643458635264,0.6219512195121951,0.9747550019582096
rf,434,COc1cc(F)cc2c1nc(N)n1nc(C3(F)CCCN(c4cnn(CC(C)(C)O)c4)C3)nc21,7.636554718017578,7.895750943342844,0.9776655307879655,0.7073170731707317,0.2591962253252662
rf,435,COc1cc(F)cc2c1nc(N)n1nc(C3CC(C)CN(c4cn(C(C)(C)C(C)O)nc4C)C3)nc21,8.154901504516602,8.955703491210938,0.5403815472387243,0.5217391304347826,0.8008019866943368
rf,436,COc1cc(F)cc2c1nc(N)n1nc(C3CC(C)CN(c4cn(C(C)(C)CO)nc4C)C3)nc21,8.282875061035156,8.581594441970191,0.6437931754504534,0.5333333333333333,0.2987193809350348
rf,437,COc1cc(F)cc2c1nc(N)n1nc(C3CC(C)CN(c4cn(C(C)C(C)O)nc4C)C3)nc21,8.576213836669922,8.92028598936399,0.5656408253367091,0.49473684210526314,0.34407215269406777
rf,438,COc1cc(F)cc2c1nc(N)n1nc(C3CC(C)CN(c4cnn(C(C)(C)CO)c4)C3)nc21,8.397939682006836,8.540549081961315,0.6316898178448546,0.6136363636363636,0.14260939995447863
rf,439,COc1cc(F)cc2c1nc(N)n1nc(C3CC(C)CN(c4cnn(C(C)C(C)O)c4C)C3)nc21,8.422636032104492,8.95735379489263,0.551852528157949,0.5052631578947369,0.5347177627881372
rf,440,COc1cc(F)cc2c1nc(N)n1nc(C3CC(C)CN(c4cnn(CC(C)(C)O)c4)C3)nc21,8.530240058898926,8.554491367419562,0.5978061237520845,0.7848101265822784,0.024251308520636172
rf,441,COc1cc(F)cc2c1nc(N)n1nc(C3CC(C)CN(c4cnn(CC(C)(C)O)c4C)C3)nc21,8.4529390335083,8.648214200210573,0.6400439169194702,0.627906976744186,0.19527516670227207
rf,442,COc1cc(F)cc2c1nc(N)n1nc(C3CC(F)CN(c4cn(CC(C)(C)O)nc4C)C3)nc21,8.335199356079102,8.59368046398163,0.5336098690729387,0.6206896551724138,0.2584811079025293
rf,444,COc1cc(F)cc2c1nc(N)n1nc(C3CCC(C)N(c4cn(CC(C)(C)O)nc4C)C3)nc21,7.295849323272705,8.669440488831201,0.5763313726155309,0.6206896551724138,1.373591165558496
rf,445,COc1cc(F)cc2c1nc(N)n1nc(C3CCC(C)N(c4cnn(C(C)(C)C(C)O)c4)C3)nc21,8.602407455444336,9.150455458259582,0.3350374142045122,0.5666666666666667,0.5480480028152463
rf,446,COc1cc(F)cc2c1nc(N)n1nc(C3CCC(C)N(c4cnn(C(C)(C)CO)c4)C3)nc21,8.293182373046875,8.814306262413663,0.5007971355588098,0.5909090909090909,0.5211238893667876
rf,447,COc1cc(F)cc2c1nc(N)n1nc(C3CCC(C)N(c4cnn(CC(C)(C)O)c4)C3)nc21,8.004298210144043,8.711814278364182,0.47952204097938367,0.7625,0.7075160682201389
rf,451,COc1cc(F)cc2c1nc(N)n1nc([C@@H]3CCCN(c4cn(C(C)C(C)(C)O)nc4C)C3)nc21,9.460409164428711,8.984345575586955,0.2930854742419826,0.6470588235294118,0.4760635888417557
rf,452,COc1cc(F)cc2c1nc(N)n1nc([C@@H]3CCCN(c4cn(C(C)C(C)O)nc4C)C3)nc21,9.198969841003418,8.97911380689939,0.3142866452578147,0.6172839506172839,0.2198560341040281
rf,453,COc1cc(F)cc2c1nc(N)n1nc([C@@H]3CCCN(c4cn(CC(C)(C)O)nc4C)C3)nc21,9.397939682006836,8.852544128497442,0.3907201838893018,0.759493670886076,0.545395553509394
rf,454,COc1cc(F)cc2c1nc(N)n1nc([C@@H]3CCCN(c4cnn(C(C)(C)C(C)O)c4)C3)nc21,8.872364044189453,8.85714119879405,0.3668418432012445,0.7108433734939759,0.015222845395403084
rf,455,COc1cc(F)cc2c1nc(N)n1nc([C@@H]3CCCN(c4cnn(C(C)(C)CO)c4)C3)nc21,9.301030158996582,8.75482824598948,0.3643643256845397,0.75,0.5462019130071027
rf,456,COc1cc(F)cc2c1nc(N)n1nc([C@@H]3CCCN(c4cnn(C(C)C(C)O)c4)C3)nc21,8.90623950958252,8.829345987097424,0.3368309143700461,0.6987951807228916,0.07689352248509529
rf,457,COc1cc(F)cc2c1nc(N)n1nc([C@@H]3CCCN(c4cnn(C(C)C(C)O)c4C)C3)nc21,8.827803611755371,9.042971990585327,0.2570318154089134,0.6296296296296297,0.2151683788299561
rf,458,COc1cc(F)cc2c1nc(N)n1nc([C@@H]3CCCN(c4cnn(CC(C)(C)O)c4)C3)nc21,8.552842140197754,8.740031550995507,0.40177847007212425,0.9583333333333334,0.1871894107977532
rf,459,COc1cc(F)cc2c1nc(N)n1nc([C@@H]3CCCN(c4cnn(CC(C)(C)O)c4C)C3)nc21,8.823908805847168,8.91618542846044,0.3266751662822321,0.7721518987341772,0.09227662261327119
rf,463,COc1cc(F)cc2c1nc(N)n1nc([C@@H]3CC[C@@H](C)N(c4cn(CC(C)(C)O)nc4C)C3)nc21,8.537602424621582,8.669440488831201,0.5763313726155309,0.6206896551724138,0.13183806420961908
rf,464,COc1cc(F)cc2c1nc(N)n1nc([C@@H]3CC[C@H](C)N(c4cn(CC(C)(C)O)nc4C)C3)nc21,9.698969841003418,8.669440488831201,0.5763313726155309,0.6206896551724138,1.0295293521722169
rf,465,COc1cc(F)cc2c1nc(N)n1nc([C@H]3CC[C@H](C)N(c4cn(CC(C)(C)O)nc4C)C3)nc21,6.684029579162598,8.669440488831201,0.5763313726155309,0.6206896551724138,1.9854109096686035
rf,473,COc1cc2nc(N)n3nc(C4CC(C)CN(c5cn(C(C)(C)CO)nc5C)C4)nc3c2cc1F,7.6216020584106445,8.231437363166998,0.6594698569913531,0.6428571428571429,0.6098353047563538
rf,474,COc1cc2nc(N)n3nc(C4CC(C)CN(c5cn(CC(C)(C)O)nc5C)C4)nc3c2cc1F,8.282476425170898,8.153971498540434,0.6273305940584839,0.7195121951219512,0.1285049266304643
rf,475,COc1cc2nc(N)n3nc(C4CC(C)CN(c5cnn(C(C)(C)CO)c5)C4)nc3c2cc1F,8.022275924682617,8.11108035229384,0.5905294685749665,0.6352941176470588,0.08880442761122254
rf,476,COc1cc2nc(N)n3nc(C4CC(C)CN(c5cnn(C(C)C(C)O)c5)C4)nc3c2cc1F,8.47269344329834,8.565346577517193,0.6120740786248232,0.6046511627906976,0.09265313421885324
rf,477,COc1cc2nc(N)n3nc(C4CC(C)CN(c5cnn(CC(C)(C)O)c5C)C4)nc3c2cc1F,8.480888366699219,8.233284179849816,0.6942174402777398,0.6588235294117647,0.24760418684940255
rf,479,COc1cc2nc(N)n3nc(C4CC(F)CN(c5cnn(CC(C)(C)O)c5)C4)nc3c2cc1F,7.97469425201416,8.064671275637227,0.4086167791236862,0.7948717948717948,0.08997702362306725
rf,482,COc1cc2nc(N)n3nc(C4CCC(C)N(c5cn(CC(C)(C)O)nc5C)C4)nc3c2cc1F,7.861046314239502,8.177364018016734,0.6364735807858407,0.7654320987654321,0.3163177037772318
rf,483,COc1cc2nc(N)n3nc(C4CCC(C)N(c5cnn(C(C)(C)C(C)(C)O)c5)C4)nc3c2cc1F,9.154901504516602,9.121731021436055,0.3845399627967366,0.7160493827160493,0.033170483080546376
rf,484,COc1cc2nc(N)n3nc(C4CCC(C)N(c5cnn(C(C)(C)C(C)O)c5)C4)nc3c2cc1F,7.857671737670898,9.12651830250422,0.3769684284367223,0.7073170731707317,1.2688465648333214
rf,485,COc1cc2nc(N)n3nc(C4CCC(C)N(c5cnn(C(C)(C)CO)c5)C4)nc3c2cc1F,8.585026741027832,8.51381282394727,0.6170083734286658,0.7283950617283951,0.0712139170805628
rf,486,COc1cc2nc(N)n3nc(C4CCC(C)N(c5cnn(C(C)(CO)CO)c5)C4)nc3c2cc1F,8.279152870178223,8.510450587860744,0.6168486764303274,0.7283950617283951,0.23129771768252105
rf,487,COc1cc2nc(N)n3nc(C4CCC(C)N(c5cnn(C(C)C(C)(C)O)c5)C4)nc3c2cc1F,9.221848487854004,9.115052380339302,0.3699361452726477,0.6987951807228916,0.10679610751470214
rf,488,COc1cc2nc(N)n3nc(C4CCC(C)N(c5cnn(C(C)C(C)O)c5)C4)nc3c2cc1F,8.330771446228027,9.130080415471395,0.3755561166482814,0.7160493827160493,0.7993089692433681
rf,491,COc1cc2nc(N)n3nc(C4CCC(C)N(c5cnn(CC(C)(C)N)c5)C4)nc3c2cc1F,8.121301651000977,8.19333391477267,0.5238417620350551,0.7721518987341772,0.07203226377169258
rf,492,COc1cc2nc(N)n3nc(C4CCC(C)N(c5cnn(CC(C)(C)O)c5C)C4)nc3c2cc1F,8.329183578491211,8.370396143553332,0.6779447744813678,0.6987951807228916,0.04121256506212134
rf,493,COc1cc2nc(N)n3nc(C4CCC(C)N(c5cnn(CC(C)(O)CO)c5)C4)nc3c2cc1F,7.803651332855225,8.126896712001164,0.7223558542716386,0.7654320987654321,0.32324537914593954
rf,494,COc1cc2nc(N)n3nc(C4CCC(C)N(c5cnn(CC(C)O)c5)C4)nc3c2cc1F,8.903437614440918,8.297686205561957,0.5356809200027824,0.7848101265822784,0.6057514088789606
rf,499,COc1cc2nc(N)n3nc(C4CN(c5cnn(CC(C)(C)O)c5)CCC4C)nc3c2cc1F,9.221848487854004,7.920584370246351,0.38975982012380284,0.7848101265822784,1.3012641176076531
rf,504,COc1cc2nc(N)n3nc([C@@H]4CCCN(c5cn(C(C)(C)CO)nc5C)C4)nc3c2cc1F,9.301030158996582,8.60494102767838,0.5617760818590823,0.7125,0.6960891313182014
rf,507,COc1cc2nc(N)n3nc([C@@H]4CCCN(c5cn(CC(C)(C)O)nc5C)C4)nc3c2cc1F,9.301030158996582,8.50270526897112,0.6171018655298816,0.8552631578947368,0.7983248900254623
rf,509,COc1cc2nc(N)n3nc([C@@H]4CCCN(c5cn(CS(C)(=O)=O)nc5C(F)F)C4)nc3c2cc1F,8.173925399780273,8.565687366331945,0.6646200872144233,0.7228915662650602,0.3917619665516714
rf,510,COc1cc2nc(N)n3nc([C@@H]4CCCN(c5cn(CS(C)(=O)=O)nc5C)C4)nc3c2cc1F,8.387216567993164,8.392659846565458,0.660941219657496,0.7037037037037037,0.005443278572293764
rf,512,COc1cc2nc(N)n3nc([C@@H]4CCCN(c5cnn(C(C)(C)C(C)O)c5)C4)nc3c2cc1F,8.698969841003418,8.67007014242808,0.387487701457823,0.7108433734939759,0.02889969857533714
rf,513,COc1cc2nc(N)n3nc([C@@H]4CCCN(c5cnn(C(C)(C)C)c5)C4)nc3c2cc1F,8.823908805847168,8.52852250655492,0.3002115070554993,0.7435897435897436,0.29538629929224847
rf,514,COc1cc2nc(N)n3nc([C@@H]4CCCN(c5cnn(C(C)(C)CO)c5)C4)nc3c2cc1F,8.42021656036377,8.301681056759087,0.4604198093012151,0.75,0.1185355036046829
rf,515,COc1cc2nc(N)n3nc([C@@H]4CCCN(c5cnn(C(C)C(C)(C)O)c5)C4)nc3c2cc1F,8.962226867675781,8.637932597573599,0.31490797685075284,0.7625,0.3242942701021825
rf,516,COc1cc2nc(N)n3nc([C@@H]4CCCN(c5cnn(C(C)C(C)O)c5)C4)nc3c2cc1F,8.602060317993164,8.623308766587575,0.3136907142220276,0.725,0.02124844859441133
rf,517,COc1cc2nc(N)n3nc([C@@H]4CCCN(c5cnn(C(C)C(C)O)c5C)C4)nc3c2cc1F,8.450160026550293,8.99140291191737,0.2672014954871706,0.7073170731707317,0.5412428853670779
rf,518,COc1cc2nc(N)n3nc([C@@H]4CCCN(c5cnn(C(C)C)c5)C4)nc3c2cc1F,8.337242126464844,8.62053819773992,0.3349543539838106,0.7402597402597403,0.2832960712750765
rf,519,COc1cc2nc(N)n3nc([C@@H]4CCCN(c5cnn(C)c5)C4)nc3c2cc1F,8.565383911132812,8.52783316224416,0.33059809935295603,0.7808219178082192,0.03755074888865195
rf,527,COc1cc2nc(N)n3nc([C@@H]4CCCN(c5cnn(CC(C)(C)O)c5)C4)nc3c2cc1F,8.431797981262207,8.043671828317642,0.41145330877207237,0.9583333333333334,0.3881261529445652
rf,528,COc1cc2nc(N)n3nc([C@@H]4CCCN(c5cnn(CC(C)(C)O)c5C)C4)nc3c2cc1F,8.346787452697754,8.610161530033746,0.5947697966723557,0.7721518987341772,0.2633740773359925
rf,529,COc1cc2nc(N)n3nc([C@@H]4CCCN(c5cnn(CC(F)(F)F)c5)C4)nc3c2cc1F,8.481486320495605,8.044809431552885,0.45194313401901665,0.8289473684210527,0.4366768889427206
rf,532,COc1cc2nc(N)n3nc([C@@H]4CCCN(c5cnn(CCC(C)(C)O)c5)C4)nc3c2cc1F,8.229147911071777,8.079245514588884,0.43996899867553496,0.8333333333333334,0.1499023964828936
rf,533,COc1cc2nc(N)n3nc([C@@H]4CCCN(c5cnn(CCCC(C)=O)c5)C4)nc3c2cc1F,8.236572265625,8.054813799799813,0.4912130594936215,0.7380952380952381,0.18175846582518673
rf,534,COc1cc2nc(N)n3nc([C@@H]4CCCN(c5cnn(CCC[C@@H](C)O)c5)C4)nc3c2cc1F,6.688246250152588,8.13611588262452,0.49441530253022753,0.7469879518072289,1.4478696324719316
rf,535,COc1cc2nc(N)n3nc([C@@H]4CCCN(c5cnn(CCC[C@H](C)O)c5)C4)nc3c2cc1F,8.107905387878418,8.13611588262452,0.49441530253022753,0.7469879518072289,0.02821049474610149
rf,536,COc1cc2nc(N)n3nc([C@@H]4CCCN(c5cnn(CS(C)(=O)=O)c5)C4)nc3c2cc1F,7.9281182289123535,8.054880247979693,0.4624291225753401,0.7625,0.12676201906733908
rf,542,COc1cc2nc(N)n3nc([C@@H]4CC[C@@H](C)N(c5cnn(C(C)C(C)O)c5)C4)nc3c2cc1F,9.0,9.130080415471395,0.3755561166482814,0.7160493827160493,0.13008041547139548
rf,544,COc1cc2nc(N)n3nc([C@@H]4CC[C@H](C)N(c5cnn(C(C)C(C)(C)O)c5)C4)nc3c2cc1F,9.522878646850586,9.115052380339302,0.3699361452726477,0.6987951807228916,0.4078262665112842
rf,545,COc1cc2nc(N)n3nc([C@@H]4CC[C@H](C)N(c5cnn(C(C)C(C)O)c5)C4)nc3c2cc1F,6.913640022277832,9.130080415471395,0.3755561166482814,0.7160493827160493,2.2164403931935635
rf,548,COc1cc2nc(N)n3nc([C@@H]4CC[C@H](C)N(c5cnn(CC(C)(C)O)c5)C4)nc3c2cc1F,9.154901504516602,8.202534145879746,0.5164156374982511,0.7848101265822784,0.952367358636856
rf,550,COc1cc2nc(N)n3nc([C@@H]4C[C@@H](F)CN(c5cnn(CC(C)(C)O)c5)C4)nc3c2cc1F,7.935542106628418,8.064671275637227,0.4086167791236862,0.7948717948717948,0.12912916900880944
rf,552,COc1cc2nc(N)n3nc([C@@H]4C[C@H](C)CN(c5cn(CC(C)(C)O)nc5C)C4)nc3c2cc1F,8.95860767364502,8.153971498540434,0.6273305940584839,0.7195121951219512,0.8046361751045854
rf,554,COc1cc2nc(N)n3nc([C@H]4CCCN(c5cn(CS(C)(=O)=O)nc5C)C4)nc3c2cc1F,8.920818328857422,8.392659846565458,0.660941219657496,0.7037037037037037,0.528158482291964
rf,555,COc1cc2nc(N)n3nc([C@H]4CCCN(c5cnn(C(C)(C)C(C)O)c5)C4)nc3c2cc1F,8.585026741027832,8.67007014242808,0.387487701457823,0.7108433734939759,0.0850434014002488
rf,557,COc1cc2nc(N)n3nc([C@H]4CC[C@@H](C)N(c5cnn(C(C)C(C)O)c5)C4)nc3c2cc1F,9.09691047668457,9.130080415471395,0.3755561166482814,0.7160493827160493,0.03316993878682517
rf,560,COc1cc2nc(N)n3nc([C@H]4CC[C@H](C)N(c5cnn(C(C)C(C)O)c5)C4)nc3c2cc1F,7.482804298400879,9.130080415471395,0.3755561166482814,0.7160493827160493,1.6472761170705166
rf,563,COc1cc2nc(N)n3nc([C@H]4C[C@@H](C)CN(c5cn(CC(C)(C)O)nc5C)C4)nc3c2cc1F,7.476253509521484,8.153971498540434,0.6273305940584839,0.7195121951219512,0.6777179890189498
rf,564,COc1cc2nc(N)n3nc([C@H]4C[C@H](F)CN(c5cnn(CC(C)(C)O)c5)C4)nc3c2cc1F,6.917214393615723,8.064671275637227,0.4086167791236862,0.7948717948717948,1.1474568820215048
rf,702,C[C@@H]1CC[C@H](c2nc3c4cc(F)cc(F)c4nc(N)n3n2)CN1c1cnn(C(C)(CO)CO)c1,8.853872299194336,8.637930700508754,0.6255921675049279,0.5168539325842697,0.21594159868558194
rf,971,C[C@H]1CC[C@@H](c2nc3c4cc(F)c(Cl)cc4nc(N)n3n2)CN1c1cnn(CC(C)(C)O)c1,9.698969841003418,8.117136492443084,0.6271116766585022,0.6352941176470588,1.581833348560334
rf,972,C[C@H]1CC[C@@H](c2nc3c4cc(F)cc(F)c4nc(N)n3n2)CN1c1cnn(C(C)(CO)CO)c1,7.570247650146484,8.637930700508754,0.6255921675049279,0.5168539325842697,1.0676830503622696
rf,973,C[C@H]1CC[C@@H](c2nc3c4cc(F)cc(F)c4nc(N)n3n2)CN1c1cnn(CC(C)(C)O)c1,9.154901504516602,8.491711487801869,0.5990958687116213,0.6385542168674698,0.6631900167147329
rf,1035,Cc1c(N2CC(C)CC(c3nc4c5cc(F)cc(F)c5nc(N)n4n3)C2)cnn1C(C)C(C)O,7.792847633361816,8.843632466952007,0.6179979706890251,0.40816326530612246,1.0507848335901908
rf,1098,Cc1cc(Cl)cc2c1nc(N)n1nc(C3CCCN(c4cnn(C)c4)C3)nc21,6.482804298400879,8.697693442281086,0.4404677702754187,0.5116279069767442,2.2148891438802067
rf,1100,Cc1cc2nc(N)n3nc([C@@H]4CC[C@H](C)N(c5cnn(CC(C)(C)O)c5)C4)nc3c2cc1F,9.397939682006836,8.186350556500754,0.5431103656024001,0.6428571428571429,1.211589125506082
rf,1375,Cc1nn(C(C)(C)CO)cc1N1CC(C)CC(c2nc3c4cc(F)cc(F)c4nc(N)n3n2)C1,8.01716423034668,8.349911040385566,0.7037960690851764,0.45652173913043476,0.33274681003888595
rf,1376,Cc1nn(C(C)C(C)O)cc1N1CC(C)CC(c2nc3c4cc(F)cc(F)c4nc(N)n3n2)C1,8.107335090637207,8.818590684811275,0.6103939269285046,0.3979591836734694,0.7112555941740677
rf,1377,Cc1nn(C(C)C(C)O)cc1N1CCC[C@@H](c2nc3c4cc(F)cc(F)c4nc(N)n3n2)C1,9.071333885192871,8.922973541021348,0.37168637028110435,0.5,0.14836034417152355
rf,1378,Cc1nn(CC(C)(C)O)cc1N1CC(C)CC(c2nc3c4cc(F)cc(F)c4nc(N)n3n2)C1,8.421725273132324,8.353032027133306,0.6961296527861578,0.5111111111111111,0.06869324599901816
rf,1379,Cc1nn(CC(C)(C)O)cc1N1CCC[C@@H](c2nc3c4cc(F)c(OC(F)F)cc4nc(N)n3n2)C1,8.920818328857422,8.486694100999827,0.6333545599615149,0.7349397590361446,0.43412422785759475
rf,1436,Cn1cc(N2CCCC(c3nc4c5c(F)c(F)ccc5nc(N)n4n3)C2)cn1,6.896196365356445,8.533961923535664,0.3808541116240539,0.5180722891566265,1.6377655581792183
rf,1437,Cn1cc(N2CCCC(c3nc4c5cc(Cl)ccc5nc(N)n4n3)C2)cn1,6.500312805175781,8.590125555737815,0.4327143712618308,0.5365853658536586,2.089812750562034
rf,1438,Cn1cc(N2CCCC(c3nc4c5cc(F)c(F)cc5nc(N)n4n3)C2)cn1,7.485452175140381,8.526657838757831,0.3669154904916909,0.6533333333333333,1.0412056636174505
rf,1439,Cn1cc(N2CCCC(c3nc4c5cc(F)cc(F)c5nc(N)n4n3)C2)cn1,9.301030158996582,8.639440823332471,0.4008706022046642,0.620253164556962,0.6615893356641109
rf,1440,Cn1cc(N2CCCC(c3nc4c5cc(F)ccc5nc(N)n4n3)C2)cn1,6.982966423034668,8.64706168689728,0.41413861343530495,0.575,1.6640952638626114
rf,1441,Cn1cc(N2CCC[C@@H](c3nc4c5cc(Cl)cc(Cl)c5nc(N)n4n3)C2)cn1,7.235823631286621,8.689593543942769,0.4127768809621984,0.5176470588235295,1.4537699126561474
rf,15,CC(=O)N[C@@H]1CCN(C(=O)c2nc(N[C@@H](C)c3ccccn3)nc3ccsc23)C1,6.301030158996582,6.857078878823733,0.5155244541308301,0.875,0.5560487198271513
rf,20,CC(=O)N[C@H]1CCN(C(=O)c2nc(N[C@@H](C)c3ccccn3)nc3ccsc23)C1,6.301030158996582,6.857078878823733,0.5155244541308301,0.875,0.5560487198271513
rf,249,CCO[C@@H]1CCN(C(=O)c2nc(N[C@@H](C)c3ccccn3)nc3ccsc23)C1,7.12493896484375,6.649602405060117,0.45025360121617214,0.7536231884057971,0.4753365597836332
rf,250,CCO[C@H]1CCN(C(=O)c2nc(N[C@@H](C)c3ccccn3)nc3ccsc23)C1,6.522878646850586,6.649602405060117,0.45025360121617214,0.7536231884057971,0.12672375820953086
rf,314,CNc1cc2nc(NCc3ccccn3)nc(C(=O)N3CCCC3)c2s1,6.301030158996582,6.584197323900275,0.42454245612408026,0.6666666666666666,0.2831671649036931
rf,318,CNc1cc2nc(N[C@@H](C)c3ccccn3)nc(C(=O)N3CC[C@@H](C)C3)c2s1,6.522878646850586,6.648151930515158,0.5583523731166774,0.7910447761194029,0.1252732836645718
rf,319,CNc1cc2nc(N[C@@H](C)c3ccccn3)nc(C(=O)N3CC[C@@H](F)C3)c2s1,6.522878646850586,6.511757393014044,0.3623554394448033,0.7910447761194029,0.011121253836542166
rf,320,CNc1cc2nc(N[C@@H](C)c3ccccn3)nc(C(=O)N3CC[C@@H](O)C3)c2s1,6.301030158996582,6.470222717873425,0.2892113989728869,0.875,0.16919255887684326
rf,393,COC[C@@H]1CCN(C(=O)c2nc(N[C@@H](C)c3ccccn3)nc3cc(C)sc23)C1,6.522878646850586,7.0134068948643735,0.5339989584810098,0.9090909090909091,0.4905282480137876
rf,394,COC[C@@H]1CCN(C(=O)c2nc(N[C@@H](C)c3ccccn3)nc3ccsc23)C1,6.522878646850586,6.960288895918084,0.5132950299082828,0.7391304347826086,0.43741024906749804
rf,401,COC[C@H]1CCN(C(=O)c2nc(N[C@@H](C)c3ccccn3)nc3cc(C)sc23)C1,6.301030158996582,7.0134068948643735,0.5339989584810098,0.9090909090909091,0.7123767358677915
rf,402,COC[C@H]1CCN(C(=O)c2nc(N[C@@H](C)c3ccccn3)nc3ccsc23)C1,6.522878646850586,6.960288895918084,0.5132950299082828,0.7391304347826086,0.43741024906749804
rf,411,CO[C@@H]1CCN(C(=O)c2nc(N[C@@H](C)c3ccccn3)nc3c(C)csc23)C1,7.522878646850586,7.268816932862006,0.5104469879892324,0.7323943661971831,0.25406171398858035
rf,412,CO[C@@H]1CCN(C(=O)c2nc(N[C@@H](C)c3ccccn3)nc3cc(C)sc23)C1,7.522878646850586,6.886443637746084,0.5196544911285685,0.8769230769230769,0.6364350091045017
rf,419,CO[C@H]1CCN(C(=O)c2nc(N[C@@H](C)c3ccccn3)nc3c(C)csc23)C1,6.522878646850586,7.268816932862006,0.5104469879892324,0.7323943661971831,0.7459382860114196
rf,420,CO[C@H]1CCN(C(=O)c2nc(N[C@@H](C)c3ccccn3)nc3cc(C)sc23)C1,7.12493896484375,6.886443637746084,0.5196544911285685,0.8769230769230769,0.23849532709766574
rf,421,CO[C@H]1CCN(C(=O)c2nc(N[C@@H](C)c3ccccn3)nc3ccsc23)C1,7.522878646850586,6.642688258325166,0.4188518412020393,0.873015873015873,0.8801903885254196
rf,698,C[C@@H]1CCN(C(=O)c2nc(N[C@@H](C)c3ccccn3)nc3cc(N)sc23)C1,6.522878646850586,6.669196108201536,0.5468857592491858,0.7878787878787878,0.14631746135095014
rf,699,C[C@@H]1CCN(C(=O)c2nc(N[C@@H](C)c3ccccn3)nc3ccsc23)C1,7.12493896484375,6.688125772026945,0.5276160136367434,0.7777777777777778,0.4368131928168051
rf,789,C[C@H](Nc1nc(C(=O)N2CCC(C(=O)O)C2)c2sccc2n1)c1ccccn1,6.301030158996582,6.752895418913064,0.5198942990546451,0.7538461538461538,0.45186525991648185
rf,791,C[C@H](Nc1nc(C(=O)N2CCC(C(=O)OC(C)(C)C)C2)c2sccc2n1)c1ccccn1,6.301030158996582,6.856713452995201,0.7260902901055271,0.6962025316455697,0.5556832939986194
rf,794,C[C@H](Nc1nc(C(=O)N2CCC(F)(F)C2)c2sccc2n1)c1ccccn1,6.522878646850586,6.521053645802929,0.20062683523575056,0.8666666666666667,0.0018250010476572598
rf,807,C[C@H](Nc1nc(C(=O)N2CCCC2)c2sccc2n1)c1ccccn1,7.12493896484375,6.640649563983627,0.31379429129132624,0.9622641509433962,0.4842894008601233
rf,834,C[C@H](Nc1nc(C(=O)N2CC[C@@H](F)C2)c2sc(N)cc2n1)c1ccccn1,6.522878646850586,6.539446648159308,0.3570281791932135,0.7878787878787878,0.01656800130872238
rf,836,C[C@H](Nc1nc(C(=O)N2CC[C@@H](F)C2)c2sccc2n1)c1ccccn1,7.522878646850586,6.549304046311742,0.3226303861701547,0.7777777777777778,0.9735746005388437
rf,839,C[C@H](Nc1nc(C(=O)N2CC[C@@H](N)C2)c2sccc2n1)c1ccccn1,6.301030158996582,6.51416393208212,0.34525772227615165,0.765625,0.21313377308553783
rf,841,C[C@H](Nc1nc(C(=O)N2CC[C@@H](NC(=O)OC(C)(C)C)C2)c2sccc2n1)c1ccccn1,6.522878646850586,7.081895817547849,0.5208542131322009,0.7894736842105263,0.5590171706972633
rf,843,C[C@H](Nc1nc(C(=O)N2CC[C@@H](O)C2)c2sc(C(F)(F)F)cc2n1)c1ccccn1,6.301030158996582,6.662364025029723,0.4093389271382958,0.7,0.3613338660331413
rf,846,C[C@H](Nc1nc(C(=O)N2CC[C@@H](O)C2)c2sc(N)cc2n1)c1ccccn1,6.301030158996582,6.507303413796976,0.2739705355089779,0.873015873015873,0.2062732548003936
rf,850,C[C@H](Nc1nc(C(=O)N2CC[C@@H](O)C2)c2sccc2n1)c1ccccn1,6.522878646850586,6.51801323681203,0.2417579091368885,0.8666666666666667,0.004865410038555673
rf,855,C[C@H](Nc1nc(C(=O)N2CC[C@@H](S(C)(=O)=O)C2)c2sccc2n1)c1ccccn1,6.301030158996582,6.787961965997272,0.4608260019677997,0.7313432835820896,0.4869318070006896
rf,860,C[C@H](Nc1nc(C(=O)N2CC[C@H](F)C2)c2sccc2n1)c1ccccn1,7.12493896484375,6.549304046311742,0.3226303861701547,0.7777777777777778,0.5756349185320078
rf,865,C[C@H](Nc1nc(C(=O)N2CC[C@H](NC(=O)OC(C)(C)C)C2)c2sccc2n1)c1ccccn1,7.12493896484375,7.081895817547849,0.5208542131322009,0.7894736842105263,0.04304314729590075
rf,872,C[C@H](Nc1nc(C(=O)N2CC[C@H](O)C2)c2sccc2n1)c1ccccn1,6.301030158996582,6.51801323681203,0.2417579091368885,0.8666666666666667,0.21698307781544823
rf,877,C[C@H](Nc1nc(C(=O)N2CC[C@H](S(C)(=O)=O)C2)c2sccc2n1)c1ccccn1,6.522878646850586,6.787961965997272,0.4608260019677997,0.7313432835820896,0.2650833191466857
rf,969,C[C@H]1CCN(C(=O)c2nc(N[C@@H](C)c3ccccn3)nc3ccsc23)C1,6.522878646850586,6.688125772026945,0.5276160136367434,0.7777777777777778,0.16524712517635898
rf,1107,Cc1cc2nc(N[C@@H](C)c3ccccn3)nc(C(=O)N3CCCC3)c2s1,7.522878646850586,6.6987843031563,0.3422751034033671,0.9636363636363636,0.824094343694286
rf,1108,Cc1cc2nc(N[C@@H](C)c3ccccn3)nc(C(=O)N3CC[C@@H](O)C3)c2s1,6.522878646850586,6.587334309999257,0.33393340109868963,0.8709677419354839,0.0644556631486708
rf,1109,Cc1cc2nc(N[C@@H](C)c3ccccn3)nc(C(=O)N3CC[C@H](O)C3)c2s1,6.301030158996582,6.587334309999257,0.33393340109868963,0.8709677419354839,0.2863041510026747
rf,1355,Cc1csc2c(C(=O)N3CCCC3)nc(N[C@@H](C)c3ccccn3)nc12,7.522878646850586,7.273638899940625,0.4628365426186762,0.7424242424242424,0.24923974690996076
rf,1703,O=C(c1nc(NCc2ccc(F)cn2)nc2ccsc12)N1CCCC1,6.301030158996582,6.351939552886436,0.6786931907299633,0.6833333333333333,0.05090939388985394
rf,1704,O=C(c1nc(NCc2ccc(F)cn2)nc2ccsc12)N1CC[C@H](O)C1,6.301030158996582,6.317915684838781,0.6763297915546903,0.7384615384615385,0.016885525842199378
rf,1712,O=C(c1nc(NCc2cccc(F)n2)nc2ccsc12)N1CCCC1,6.301030158996582,6.520094769621288,0.35110759509085393,0.7241379310344828,0.21906461062470584
rf,1713,O=C(c1nc(NCc2cccc(O)n2)nc2ccsc12)N1CCCC1,6.301030158996582,6.424174712770178,0.3424295020412455,0.7368421052631579,0.12314455377359579
rf,1716,O=C(c1nc(NCc2ccccn2)nc2ccsc12)N1CCCC1,6.522878646850586,6.602751769253578,0.35190898645145463,0.7678571428571429,0.07987312240299183
gin,14,CC(=O)N[C@@H]1CCN(C(=O)c2nc(NCc3cncc(F)c3)nc3ccsc23)C1,6.301030158996582,6.537589300147701,0.04936245814989578,0.6901408450704225,0.23655914115111898
gin,16,CC(=O)N[C@@H]1CCN(C(=O)c2nc(N[C@@H](C)c3cccnc3)nc3ccsc23)C1,6.301030158996582,6.585230577967909,0.05766424730590448,0.704225352112676,0.2842004189713272
gin,17,CC(=O)N[C@@H]1CCN(C(=O)c2nc(N[C@@H](C)c3cncc(F)c3)nc3cc(C)sc23)C1,6.301030158996582,6.710410343181266,0.046929558755815164,0.7671232876712328,0.409380184184684
gin,18,CC(=O)N[C@@H]1CCN(C(=O)c2nc(N[C@@H](C)c3cncc(F)c3)nc3ccsc23)C1,6.301030158996582,6.662754620722833,0.06326024587165612,0.7671232876712328,0.3617244617262507
gin,19,CC(=O)N[C@H]1CCN(C(=O)c2nc(NCc3cncc(F)c3)nc3ccsc23)C1,6.301030158996582,6.967976114159751,0.19046608035072846,0.6901408450704225,0.6669459551631691
gin,21,CC(=O)N[C@H]1CCN(C(=O)c2nc(N[C@@H](C)c3cccnc3)nc3ccsc23)C1,6.301030158996582,6.920454076128748,0.1386684885192895,0.704225352112676,0.619423917132166
gin,22,CC(=O)N[C@H]1CCN(C(=O)c2nc(N[C@@H](C)c3cncc(F)c3)nc3cc(C)sc23)C1,6.301030158996582,7.045914572440972,0.10873599405179668,0.7671232876712328,0.7448844134443897
gin,23,CC(=O)N[C@H]1CCN(C(=O)c2nc(N[C@@H](C)c3cncc(F)c3)nc3ccsc23)C1,6.522878646850586,7.021899070783685,0.1456137359563647,0.7671232876712328,0.4990204239330991
gin,37,CC(C)(C)C(=O)N[C@H]1CCN(C(=O)c2nc(NCc3cncc(F)c3)nc3ccsc23)C1,7.12493896484375,6.972581032401766,0.1438087142863192,0.6621621621621622,0.15235793244198437
gin,44,CC(C)(C)OC(=O)N[C@@H]1CCN(C(=O)c2nc(NCc3cncc(F)c3)nc3ccsc23)C1,6.522878646850586,6.267681088062226,0.012741703612488728,0.717948717948718,0.25519755878836037
gin,45,CC(C)(C)OC(=O)N[C@H]1CCN(C(=O)c2nc(NCc3cncc(F)c3)nc3ccsc23)C1,6.522878646850586,6.710592433358822,0.15102591513561228,0.717948717948718,0.1877137865082359
gin,50,CC(C)(Nc1nc(C(=O)N2CCCC2)c2sccc2n1)c1cccnc1,6.301030158996582,6.574840241981121,0.09569886424585178,0.5797101449275363,0.27381008298453935
gin,86,CC(Nc1nc(C(=O)N2CCCC2)c2sccc2n1)c1cccnc1,5.629487037658691,6.631245613314142,0.04340134050365975,0.847457627118644,1.001758575655451
gin,87,CC(Nc1nc(C(=O)N2CC[C@@H](F)C2)c2sccc2n1)c1cccnc1,6.522878646850586,6.63467921571533,0.06372169033539105,0.746268656716418,0.11180056886474432
gin,117,CCC(Nc1nc(C(=O)N2CCCC2)c2sccc2n1)c1cccnc1,6.522878646850586,6.565491839964473,0.020354806361153163,0.7213114754098361,0.042613193113886894
gin,118,CCC(Nc1nc(C(=O)N2CC[C@@H](OC)C2)c2sccc2n1)c1cccnc1,7.12493896484375,6.577048288034874,0.03006232561788732,0.6285714285714286,0.5478906768088763
gin,210,CCNC(=O)C1CCN(C(=O)c2nc(N[C@@H](C)c3cncc(F)c3)nc3ccsc23)C1,6.522878646850586,7.09401786570226,0.14837924476158348,0.782051282051282,0.5711392188516742
gin,258,CCc1cc2nc(N[C@@H](C)c3cccnc3)nc(C(=O)N3CCCC3)c2s1,6.301030158996582,6.605173778808194,0.03031397912446646,0.6285714285714286,0.30414361981161164
gin,311,CN[C@@H]1CCN(C(=O)c2nc(N[C@@H](C)c3cncc(F)c3)nc3cc(C)sc23)C1,6.301030158996582,6.486716822876364,0.08416080141621432,0.7746478873239436,0.18568666387978183
gin,312,CN[C@H]1CCN(C(=O)c2nc(N[C@@H](C)c3cncc(F)c3)nc3cc(C)sc23)C1,6.301030158996582,6.67280889953109,0.1340740970967606,0.7746478873239436,0.3717787405345083
gin,323,CNc1cc2nc(N[C@@H](C)c3cccnc3)nc(C(=O)N3CCC(O)C3)c2s1,6.301030158996582,6.473003876783341,0.09827207340650058,0.6351351351351351,0.1719737177867593
gin,325,CNc1cc2nc(N[C@@H](C)c3cccnc3)nc(C(=O)N3CCCC3)c2s1,6.522878646850586,6.530140075604589,0.02009862949939638,0.6865671641791045,0.007261428754002708
gin,326,CNc1cc2nc(N[C@@H](C)c3cccnc3)nc(C(=O)N3CC[C@@H](F)C3)c2s1,6.522878646850586,6.532778625281921,0.03729705068458635,0.5714285714285714,0.009899978431334944
gin,327,CNc1cc2nc(N[C@@H](C)c3cccnc3)nc(C(=O)N3CC[C@H](F)C3)c2s1,6.522878646850586,6.435758796726525,0.04921184186469027,0.5714285714285714,0.08711985012406132
gin,328,CNc1cc2nc(N[C@@H](C)c3cccnc3)nc(C(=O)N3CC[C@H](O)C3)c2s1,6.301030158996582,6.40898179430976,0.05272993987253843,0.6351351351351351,0.10795163531317797
gin,331,CNc1cc2nc(N[C@@H](C)c3cncc(F)c3)nc(C(=O)N3CCCC3)c2s1,6.522878646850586,6.603609205784387,0.014820001162515762,0.6527777777777778,0.08073055893380143
gin,332,CNc1cc2nc(N[C@@H](C)c3cncc(F)c3)nc(C(=O)N3CC[C@@H](O)C3)c2s1,6.301030158996582,6.591058328293503,0.02540048927227839,0.6075949367088608,0.2900281692969209
gin,333,CNc1cc2nc(N[C@@H](C)c3cncc(F)c3)nc(C(=O)N3CC[C@H](O)C3)c2s1,6.301030158996582,6.489630202140489,0.05475362401009576,0.6075949367088608,0.18860004314390721
gin,365,COCC(Nc1nc(C(=O)N2CCCC2)c2sccc2n1)c1cccnc1,6.522878646850586,6.569371089971746,0.010586642436252135,0.7058823529411765,0.046492443121159965
gin,366,COCC(Nc1nc(C(=O)N2CC[C@H](O)C2)c2sccc2n1)c1cccnc1,6.301030158996582,6.435203135907479,0.04878255336112016,0.6944444444444444,0.13417297691089658
gin,413,CO[C@@H]1CCN(C(=O)c2nc(N[C@@H](C)c3cccnc3)nc3cc(C)sc23)C1,7.12493896484375,6.431357250980049,0.06934152587593102,0.64,0.6935817138637006
gin,414,CO[C@@H]1CCN(C(=O)c2nc(N[C@@H](C)c3cccnc3)nc3ccsc23)C1,7.323908805847168,6.358966191796654,0.10759703298270061,0.7142857142857143,0.9649426140505142
gin,415,CO[C@@H]1CCN(C(=O)c2nc(N[C@@H](C)c3cncc(Cl)c3)nc3ccsc23)C1,6.522878646850586,6.187450036182607,0.20132121724354904,0.6753246753246753,0.3354286106679787
gin,416,CO[C@@H]1CCN(C(=O)c2nc(N[C@@H](C)c3cncc(F)c3)nc3cc(C)sc23)C1,7.12493896484375,6.521263730977118,0.07958381137921346,0.7066666666666667,0.6036752338666318
gin,417,CO[C@@H]1CCN(C(=O)c2nc(N[C@@H](C)c3cncc(F)c3)nc3ccsc23)C1,6.522878646850586,6.4556196275259445,0.11112118146625893,0.7532467532467533,0.0672590193246414
gin,422,CO[C@H]1CCN(C(=O)c2nc(N[C@@H](C)c3cccnc3)nc3cc(C)sc23)C1,6.522878646850586,6.5474544921567635,0.056695647589777326,0.64,0.024575845306177513
gin,423,CO[C@H]1CCN(C(=O)c2nc(N[C@@H](C)c3cccnc3)nc3ccsc23)C1,7.12493896484375,6.489258761320215,0.09693634189769611,0.7142857142857143,0.6356802035235347
gin,424,CO[C@H]1CCN(C(=O)c2nc(N[C@@H](C)c3cncc(Cl)c3)nc3ccsc23)C1,6.522878646850586,6.3525449397687765,0.19256790107389987,0.6753246753246753,0.1703337070818094
gin,425,CO[C@H]1CCN(C(=O)c2nc(N[C@@H](C)c3cncc(F)c3)nc3cc(C)sc23)C1,6.522878646850586,6.629982711982141,0.060957865294330435,0.7066666666666667,0.1071040651315549
gin,426,CO[C@H]1CCN(C(=O)c2nc(N[C@@H](C)c3cncc(F)c3)nc3ccsc23)C1,6.522878646850586,6.573898899149185,0.09693843238620242,0.7532467532467533,0.05102025229859919
gin,589,COc1ccc(CNc2nc(C(=O)N3CCCC3)c3sccc3n2)cn1,7.12493896484375,6.418151927111694,0.12957604292790031,0.7258064516129032,0.706787037732056
gin,680,COc1cncc(CNc2nc(C(=O)N3CCCC3)c3sccc3n2)c1,6.301030158996582,6.38326532842099,0.15655078290028898,0.7288135593220338,0.08223516942440767
gin,688,CS(=O)(=O)[C@@H]1CCN(C(=O)c2nc(NCc3cncc(F)c3)nc3ccsc23)C1,6.301030158996582,6.38335268287927,0.07348867429956024,0.6901408450704225,0.0823225238826879
gin,695,C[C@@H](Nc1nc(C(=O)N2CCCC2)c2sccc2n1)c1cccnc1,5.170053482055664,6.47415879935847,0.0681719012999845,0.847457627118644,1.304105317302806
gin,700,C[C@@H]1CCN(C(=O)c2nc(N[C@@H](C)c3cccnc3)nc3ccsc23)C1,6.522878646850586,6.3454778878018026,0.07547482904675291,0.7692307692307693,0.17740075904878339
gin,787,C[C@H](Nc1nc(C(=O)N2CCC(C(=O)NC(C)(C)C)C2)c2sccc2n1)c1cncc(F)c1,6.522878646850586,7.145329206940165,0.16977270623778684,0.782051282051282,0.6224505600895789
gin,788,C[C@H](Nc1nc(C(=O)N2CCC(C(=O)NCC(C)(C)C)C2)c2sccc2n1)c1cncc(F)c1,8.0,7.149886452154128,0.19368759115910855,0.7530864197530864,0.8501135478458721
gin,790,C[C@H](Nc1nc(C(=O)N2CCC(C(=O)O)C2)c2sccc2n1)c1cncc(F)c1,6.301030158996582,6.7063658476570795,0.14541103332068395,0.7866666666666666,0.4053356886604975
gin,792,C[C@H](Nc1nc(C(=O)N2CCC(C(=O)OC(C)(C)C)C2)c2sccc2n1)c1cncc(F)c1,6.522878646850586,6.561553400000388,0.04234433105725866,0.75,0.0386747531498024
gin,793,C[C@H](Nc1nc(C(=O)N2CCC(C)(C)C2)c2sccc2n1)c1cccnc1,6.522878646850586,6.524366454526287,0.08136016898698231,0.7538461538461538,0.001487807675701447
gin,795,C[C@H](Nc1nc(C(=O)N2CCC(F)(F)C2)c2sccc2n1)c1cccnc1,6.522878646850586,6.413970954551214,0.06882088085905586,0.7424242424242424,0.10890769229937192
gin,804,C[C@H](Nc1nc(C(=O)N2CCCC2)c2sc(C(F)(F)F)cc2n1)c1cccnc1,6.301030158996582,6.461332685389575,0.048436502472339917,0.6857142857142857,0.16030252639299292
gin,805,C[C@H](Nc1nc(C(=O)N2CCCC2)c2sc(N)cc2n1)c1cncc(F)c1,6.522878646850586,6.6643195497764545,0.0350417194224943,0.6619718309859155,0.14144090292586853
gin,808,C[C@H](Nc1nc(C(=O)N2CCCC2)c2sccc2n1)c1cccnc1,6.32975435256958,6.470172028346944,0.0992522950647216,0.847457627118644,0.14041767577736408
gin,811,C[C@H](Nc1nc(C(=O)N2CCCC2)c2sccc2n1)c1cncc(Cl)c1,6.522878646850586,6.365750950266062,0.1685563179945239,0.7333333333333333,0.1571276965845243
gin,812,C[C@H](Nc1nc(C(=O)N2CCCC2)c2sccc2n1)c1cncc(F)c1,6.522878646850586,6.587449076039814,0.09311482206894461,0.8,0.06457042918922795
gin,815,C[C@H](Nc1nc(C(=O)N2CCC[C@@H]2C)c2sccc2n1)c1cccnc1,6.522878646850586,6.363771577076605,0.14516613099043935,0.6911764705882353,0.15910706977398092
gin,816,C[C@H](Nc1nc(C(=O)N2CCC[C@@H]2C)c2sccc2n1)c1cncc(F)c1,6.522878646850586,6.521471563381862,0.14056465517037392,0.7083333333333334,0.0014070834687238687
gin,817,C[C@H](Nc1nc(C(=O)N2CCC[C@@H]2CO)c2sccc2n1)c1cccnc1,6.301030158996582,6.297839013182848,0.10496621338924007,0.6619718309859155,0.003191145813733698
gin,818,C[C@H](Nc1nc(C(=O)N2CCC[C@H]2C)c2sccc2n1)c1cccnc1,6.301030158996582,6.504505343989155,0.11971321096312272,0.6911764705882353,0.20347518499257333
gin,819,C[C@H](Nc1nc(C(=O)N2CCC[C@H]2C)c2sccc2n1)c1cncc(F)c1,6.522878646850586,6.625131983762127,0.11301481587663588,0.7083333333333334,0.10225333691154148
gin,820,C[C@H](Nc1nc(C(=O)N2CCC[C@H]2CO)c2sccc2n1)c1cccnc1,6.301030158996582,6.411279750607253,0.09033745702105213,0.6619718309859155,0.11024959161067116
gin,832,C[C@H](Nc1nc(C(=O)N2CC[C@@H](CO)C2)c2sccc2n1)c1cccnc1,6.522878646850586,6.4568921289476116,0.10696974839528689,0.7142857142857143,0.06598651790297438
gin,833,C[C@H](Nc1nc(C(=O)N2CC[C@@H](CO)C2)c2sccc2n1)c1cncc(F)c1,6.522878646850586,6.563808543712579,0.1107930194515106,0.7307692307692307,0.04092989686199289
gin,835,C[C@H](Nc1nc(C(=O)N2CC[C@@H](F)C2)c2sc(N)cc2n1)c1cccnc1,6.522878646850586,6.556522431686325,0.046370179120350304,0.5657894736842105,0.033643784835739154
gin,837,C[C@H](Nc1nc(C(=O)N2CC[C@@H](F)C2)c2sccc2n1)c1cccnc1,6.522878646850586,6.478366970053777,0.13678910101820604,0.746268656716418,0.044511676796808786
gin,838,C[C@H](Nc1nc(C(=O)N2CC[C@@H](F)C2)c2sccc2n1)c1cncc(F)c1,6.522878646850586,6.5953514120997845,0.14879034708009223,0.7647058823529411,0.07247276524919855
gin,840,C[C@H](Nc1nc(C(=O)N2CC[C@@H](N)C2)c2sccc2n1)c1cccnc1,6.301030158996582,6.482200444799069,0.11115856026483416,0.7352941176470589,0.18117028580248729
gin,842,C[C@H](Nc1nc(C(=O)N2CC[C@@H](NC(=O)OC(C)(C)C)C2)c2sccc2n1)c1cccnc1,6.522878646850586,6.736743497214047,0.14288102709686476,0.6493506493506493,0.21386485036346148
gin,844,C[C@H](Nc1nc(C(=O)N2CC[C@@H](O)C2)c2sc(C(F)(F)F)cc2n1)c1cccnc1,6.301030158996582,6.440412627743267,0.07039749597090418,0.64,0.13938246874668536
gin,845,C[C@H](Nc1nc(C(=O)N2CC[C@@H](O)C2)c2sc(C(F)(F)F)cc2n1)c1cncc(F)c1,6.301030158996582,6.624357123014946,0.10196425420308537,0.6351351351351351,0.3233269640183636
gin,847,C[C@H](Nc1nc(C(=O)N2CC[C@@H](O)C2)c2sc(N)cc2n1)c1cccnc1,6.301030158996582,6.53598302077409,0.03129091190830779,0.6301369863013698,0.23495286177750785
gin,848,C[C@H](Nc1nc(C(=O)N2CC[C@@H](O)C2)c2sc(N)cc2n1)c1cncc(F)c1,6.522878646850586,6.643466985210868,0.049462564279768584,0.6153846153846154,0.12058833836028171
gin,851,C[C@H](Nc1nc(C(=O)N2CC[C@@H](O)C2)c2sccc2n1)c1cccnc1,6.301030158996582,6.459213468774767,0.10839946188539207,0.75,0.15818330977818462
gin,853,C[C@H](Nc1nc(C(=O)N2CC[C@@H](O)C2)c2sccc2n1)c1cncc(Cl)c1,6.301030158996582,6.325563830544979,0.21812400230746545,0.704225352112676,0.02453367154839725
gin,854,C[C@H](Nc1nc(C(=O)N2CC[C@@H](O)C2)c2sccc2n1)c1cncc(F)c1,6.301030158996582,6.571877870471326,0.11245261331706287,0.8059701492537313,0.27084771147474385
gin,856,C[C@H](Nc1nc(C(=O)N2CC[C@@H](S(C)(=O)=O)C2)c2sccc2n1)c1cccnc1,6.301030158996582,6.582865599057666,0.05493637702376286,0.7246376811594203,0.28183544006108363
gin,857,C[C@H](Nc1nc(C(=O)N2CC[C@H](CO)C2)c2sccc2n1)c1cccnc1,6.522878646850586,6.3103658968072445,0.10980811923869395,0.7142857142857143,0.21251275004334147
gin,858,C[C@H](Nc1nc(C(=O)N2CC[C@H](CO)C2)c2sccc2n1)c1cncc(F)c1,6.522878646850586,6.451095594807619,0.11979255598080485,0.7307692307692307,0.0717830520429672
gin,859,C[C@H](Nc1nc(C(=O)N2CC[C@H](F)C2)c2sc(N)cc2n1)c1cccnc1,6.522878646850586,6.43574390705103,0.0712785898477872,0.5657894736842105,0.08713473979955566
gin,861,C[C@H](Nc1nc(C(=O)N2CC[C@H](F)C2)c2sccc2n1)c1cccnc1,7.12493896484375,6.337245588395053,0.11725879503331892,0.746268656716418,0.7876933764486971
gin,862,C[C@H](Nc1nc(C(=O)N2CC[C@H](F)C2)c2sccc2n1)c1cncc(F)c1,6.522878646850586,6.476855432757116,0.12927550041668429,0.7647058823529411,0.04602321409346999
gin,863,C[C@H](Nc1nc(C(=O)N2CC[C@H](N)C2)c2sccc2n1)c1cccnc1,6.301030158996582,6.293836500567341,0.09730252795199903,0.7352941176470589,0.007193658429240912
gin,864,C[C@H](Nc1nc(C(=O)N2CC[C@H](N)C2)c2sccc2n1)c1cncc(F)c1,6.301030158996582,6.441182974541004,0.09653006891812538,0.75,0.14015281554442183
gin,866,C[C@H](Nc1nc(C(=O)N2CC[C@H](NC(=O)OC(C)(C)C)C2)c2sccc2n1)c1cccnc1,7.12493896484375,6.346135080694992,0.01950734818252098,0.6493506493506493,0.7788038841487577
gin,868,C[C@H](Nc1nc(C(=O)N2CC[C@H](O)C2)c2sc(C(F)(F)F)cc2n1)c1cccnc1,6.301030158996582,6.2329863640113246,0.028039742723185806,0.64,0.06804379498525748
gin,869,C[C@H](Nc1nc(C(=O)N2CC[C@H](O)C2)c2sc(C(F)(F)F)cc2n1)c1cncc(F)c1,6.301030158996582,6.4468184179048755,0.09902658135073136,0.6351351351351351,0.1457882589082935
gin,870,C[C@H](Nc1nc(C(=O)N2CC[C@H](O)C2)c2sc(N)cc2n1)c1cccnc1,6.301030158996582,6.40155273631262,0.0782858500959429,0.6301369863013698,0.10052257731603831
gin,873,C[C@H](Nc1nc(C(=O)N2CC[C@H](O)C2)c2sccc2n1)c1cccnc1,6.301030158996582,6.301311817009783,0.08705263080476121,0.75,0.0002816580132005697
gin,875,C[C@H](Nc1nc(C(=O)N2CC[C@H](O)C2)c2sccc2n1)c1cncc(Cl)c1,6.301030158996582,6.128230058428535,0.1917071847497974,0.704225352112676,0.17280010056804684
gin,876,C[C@H](Nc1nc(C(=O)N2CC[C@H](O)C2)c2sccc2n1)c1cncc(F)c1,6.301030158996582,6.448009909828187,0.10427262743062776,0.8059701492537313,0.14697975083160486
gin,970,C[C@H]1CCN(C(=O)c2nc(N[C@@H](C)c3cccnc3)nc3ccsc23)C1,6.522878646850586,6.525978252362037,0.10536480068822993,0.7692307692307693,0.0030996055114513865
gin,1124,Cc1cc2nc(N[C@@H](C)c3cccnc3)nc(C(=O)N3CCCC3)c2s1,6.411954402923584,6.537949144568273,0.02383664550697985,0.676923076923077,0.12599474164468916
gin,1125,Cc1cc2nc(N[C@@H](C)c3cccnc3)nc(C(=O)N3CC[C@@H](CO)C3)c2s1,6.301030158996582,6.51861441139787,0.05207065301826668,0.6493506493506493,0.21758425240128787
gin,1126,Cc1cc2nc(N[C@@H](C)c3cccnc3)nc(C(=O)N3CC[C@@H](O)C3)c2s1,6.301030158996582,6.52244806415807,0.053853121186739177,0.625,0.22141790516148774
gin,1127,Cc1cc2nc(N[C@@H](C)c3cccnc3)nc(C(=O)N3CC[C@H](CO)C3)c2s1,6.301030158996582,6.411026066648425,0.058403802342940125,0.6493506493506493,0.10999590765184308
gin,1128,Cc1cc2nc(N[C@@H](C)c3cccnc3)nc(C(=O)N3CC[C@H](O)C3)c2s1,6.301030158996582,6.4046991116602285,0.06104822785280148,0.625,0.10366895266364651
gin,1170,Cc1cc2nc(N[C@@H](C)c3cncc(F)c3)nc(C(=O)N3CCCC3)c2s1,7.12493896484375,6.617717726433028,0.021868468130908304,0.8,0.5072212384107218
gin,1173,Cc1cc2nc(N[C@@H](C)c3cncc(F)c3)nc(C(=O)N3CC[C@@H](CN)C3)c2s1,6.301030158996582,6.5861757099743095,0.04186848807251083,0.6973684210526315,0.2851455509777274
gin,1174,Cc1cc2nc(N[C@@H](C)c3cncc(F)c3)nc(C(=O)N3CC[C@@H](CO)C3)c2s1,6.522878646850586,6.592428102146879,0.051271341281599346,0.7066666666666667,0.06954945529629342
gin,1175,Cc1cc2nc(N[C@@H](C)c3cncc(F)c3)nc(C(=O)N3CC[C@@H](N)C3)c2s1,6.301030158996582,6.619849887274697,0.03828928738137961,0.726027397260274,0.31881972827811467
gin,1177,Cc1cc2nc(N[C@@H](C)c3cncc(F)c3)nc(C(=O)N3CC[C@@H](O)C3)c2s1,6.522878646850586,6.601039357146078,0.055760501875345606,0.7361111111111112,0.07816071029549221
gin,1179,Cc1cc2nc(N[C@@H](C)c3cncc(F)c3)nc(C(=O)N3CC[C@H](CN)C3)c2s1,6.301030158996582,6.4792406545054355,0.050268960497683444,0.6973684210526315,0.17821049550885348
gin,1180,Cc1cc2nc(N[C@@H](C)c3cncc(F)c3)nc(C(=O)N3CC[C@H](CO)C3)c2s1,7.12493896484375,6.493793729240014,0.06313710630894936,0.7066666666666667,0.6311452356037357
gin,1181,Cc1cc2nc(N[C@@H](C)c3cncc(F)c3)nc(C(=O)N3CC[C@H](N)C3)c2s1,6.301030158996582,6.488758157969052,0.03363526126726884,0.726027397260274,0.18772799897246983
gin,1183,Cc1cc2nc(N[C@@H](C)c3cncc(F)c3)nc(C(=O)N3CC[C@H](O)C3)c2s1,6.522878646850586,6.494040915654711,0.06318950376856049,0.7361111111111112,0.02883773119587474
gin,1348,Cc1cncc(CNc2nc(C(=O)N3CCCC3)c3sccc3n2)c1,6.301030158996582,6.296117926909119,0.09351137704162515,0.7678571428571429,0.004912232087463053
gin,1349,Cc1cncc(CNc2nc(C(=O)N3CC[C@H](O)C3)c3sccc3n2)c1,6.301030158996582,6.050356979301007,0.08738489716148314,0.7301587301587301,0.2506731796955748
gin,1356,Cc1csc2c(C(=O)N3CCCC3)nc(N[C@@H](C)c3cncc(F)c3)nc12,7.522878646850586,6.666788006209476,0.06399038024747092,0.6623376623376623,0.85609064064111
gin,1357,Cc1csc2c(C(=O)N3CC[C@H](O)C3)nc(N[C@@H](C)c3cncc(F)c3)nc12,6.522878646850586,6.53355389292032,0.0775409110606363,0.6419753086419753,0.010675246069734357
gin,1374,Cc1ncccc1CNc1nc(C(=O)N2CCCC2)c2sccc2n1,6.522878646850586,6.417927768196844,0.10041105199225447,0.7068965517241379,0.10495087865374231
gin,1502,N#Cc1cncc(CNc2nc(C(=O)N3CCCC3)c3sccc3n2)c1,6.301030158996582,6.44798085525218,0.05525497665693091,0.7288135593220338,0.14695069625559753
gin,1506,NC(=O)c1cncc(CNc2nc(C(=O)N3CCCC3)c3sccc3n2)c1,6.301030158996582,5.9308040237284985,0.15570637372704066,0.7413793103448276,0.37022613526808357
gin,1507,N[C@@H]1CCN(C(=O)c2nc(NCc3cncc(F)c3)nc3ccsc23)C1,6.301030158996582,6.205642485836329,0.08146970289890118,0.8387096774193549,0.09538767316025343
gin,1509,N[C@H]1CCN(C(=O)c2nc(NCc3cncc(F)c3)nc3ccsc23)C1,6.301030158996582,6.414804000742514,0.09353804045892616,0.8387096774193549,0.11377384174593175
gin,1513,Nc1cc2nc(NCc3cccnc3)nc(C(=O)N3CCCC3)c2s1,6.301030158996582,6.36733406227097,0.09028107402941292,0.65625,0.06630390327438818
gin,1696,O=C(c1nc(NC(CO)c2cccnc2)nc2ccsc12)N1CCCC1,6.301030158996582,6.524954971811155,0.03171713717932306,0.6666666666666666,0.22392481281457322
gin,1701,O=C(c1nc(NCc2ccc(C(F)(F)F)nc2)nc2ccsc12)N1CCCC1,6.522878646850586,6.096863577384163,0.09882639145347677,0.6833333333333333,0.4260150694664233
gin,1702,O=C(c1nc(NCc2ccc(C(F)(F)F)nc2)nc2ccsc12)N1CC[C@H](O)C1,6.301030158996582,5.807101235489007,0.052908802549846354,0.7076923076923077,0.4939289235075748
gin,1717,O=C(c1nc(NCc2cccnc2)nc2ccsc12)N1CCCC1,5.2121148109436035,6.282402946360008,0.06753931105307709,0.7962962962962963,1.0702881354164049
gin,1718,O=C(c1nc(NCc2cccnc2)nc2ccsc12)N1CC[C@@H](O)C1,6.301030158996582,6.258754225347019,0.07857660646975166,0.8135593220338984,0.04227593364956306
gin,1721,O=C(c1nc(NCc2cncc(C(F)(F)F)c2)nc2ccsc12)N1CC[C@H](O)C1,6.301030158996582,5.748815925007833,0.06739618745716473,0.696969696969697,0.5522142339887495
gin,1722,O=C(c1nc(NCc2cncc(Cl)c2)nc2ccsc12)N1CCCC1,6.301030158996582,6.10979465657185,0.16122768790889105,0.7758620689655172,0.19123550242473186
gin,1726,O=C(c1nc(NCc2cncc(F)c2)nc2ccsc12)N1CCCC1,6.522878646850586,6.415040162948284,0.06796724600320218,0.7868852459016393,0.10783848390230233
gin,1728,O=C(c1nc(NCc2cncc(F)c2)nc2ccsc12)N1CC[C@@H](F)C1,6.522878646850586,6.410615271818198,0.13696868671311335,0.7538461538461538,0.11226337503238781
gin,1729,O=C(c1nc(NCc2cncc(F)c2)nc2ccsc12)N1CC[C@@H](O)C1,6.522878646850586,6.392813259718473,0.09483892641861055,0.796875,0.13006538713211313
gin,1730,O=C(c1nc(NCc2cncc(F)c2)nc2ccsc12)N1CC[C@H](F)C1,6.301030158996582,6.248310675618178,0.12106234519141225,0.7538461538461538,0.05271948337840371
gin,1731,O=C(c1nc(NCc2cncc(F)c2)nc2ccsc12)N1CC[C@H](O)C1,6.301030158996582,6.20501373718232,0.08413126012929861,0.796875,0.09601642181426229
gin,7,CC(=O)N(C)C1CN(C(=O)c2nc(N[C@@H](C)c3cncc(F)c3)nc3cc(C)sc23)C1,6.301030158996582,6.846532114169803,0.1629982403073411,0.7162162162162162,0.5455019551732212
gin,10,CC(=O)NC1CN(C(=O)c2nc(N[C@@H](C)c3cncc(F)c3)nc3cc(C)sc23)C1,6.522878646850586,7.387058333049751,0.05774362062588132,0.8382352941176471,0.8641796861991651
gin,11,CC(=O)NC1CN(C(=O)c2nc(N[C@@H](C)c3cncc(F)c3)nc3ccsc23)C1,6.522878646850586,7.393549328775396,0.048341503895213876,0.8382352941176471,0.8706706819248105
gin,12,CC(=O)NCC1CN(C(=O)c2nc(N[C@@H](C)c3cncc(F)c3)nc3ccsc23)C1,6.522878646850586,6.730586107783115,0.07561343372694874,0.72,0.20770746093252868
gin,54,CC(C)C(=O)NC1CN(C(=O)c2nc(N[C@@H](C)c3cncc(F)c3)nc3ccsc23)C1,7.522878646850586,7.355085151769224,0.10124671724054098,0.8260869565217391,0.1677934950813622
gin,55,CC(C)C(=O)NCC1CN(C(=O)c2nc(N[C@@H](C)c3cncc(F)c3)nc3ccsc23)C1,7.12493896484375,6.748297732813453,0.07073383944460153,0.7105263157894737,0.3766412320302974
gin,62,CC(C)OC(=O)NC1CN(C(=O)c2nc(N[C@@H](C)c3cncc(F)c3)nc3ccsc23)C1,7.522878646850586,7.240065705030038,0.13345773487107015,0.8108108108108109,0.2828129418205476
gin,97,CC1(O)CN(C(=O)c2nc(NCc3cncc(F)c3)nc3ccsc23)C1,6.301030158996582,6.184645602041996,0.09374144644517228,0.7424242424242424,0.1163845569545856
gin,104,CC1CCN1C(=O)c1nc(N[C@@H](C)c2cncc(F)c2)nc2ccsc12,7.12493896484375,6.803578164367944,0.08064373719928679,0.704225352112676,0.32136080047580595
gin,114,CCC(CC)NC(=O)NC1CN(C(=O)c2nc(N[C@@H](C)c3cncc(F)c3)nc3ccsc23)C1,8.0,7.523061938696205,0.05909578734111817,0.7972972972972973,0.47693806130379457
gin,211,CCNC(=O)CC1CN(C(=O)c2nc(N[C@@H](C)c3cncc(F)c3)nc3cc(C)sc23)C1,7.12493896484375,6.884967905745291,0.08596023994868808,0.6883116883116883,0.23997105909845917
gin,237,CCNC1CN(C(=O)c2nc(N[C@@H](C)c3cncc(F)c3)nc3cc(C)sc23)C1,6.301030158996582,6.681004035147019,0.14092595701255864,0.7746478873239436,0.3799738761504372
gin,247,CCOC(=O)N(C)C1CN(C(=O)c2nc(N[C@@H](C)c3cncc(F)c3)nc3cc(C)sc23)C1,7.12493896484375,6.688147620808955,0.16045529178433574,0.6708860759493671,0.4367913440347948
gin,254,CCOc1ccc(CNc2nc(C(=O)N3CCC3)c3sccc3n2)cn1,6.522878646850586,6.439858899657505,0.13374408626695417,0.6451612903225806,0.08301974719308092
gin,277,CN(C(=O)OC(C)(C)C)C1CN(C(=O)c2nc(NCc3cncc(F)c3)nc3ccsc23)C1,6.522878646850586,6.47078152596022,0.23272005022873232,0.7105263157894737,0.052097120890366
gin,305,CNC(=O)NCC1CN(C(=O)c2nc(N[C@@H](C)c3cncc(F)c3)nc3ccsc23)C1,6.522878646850586,7.009690937156301,0.036238730818254,0.7012987012987013,0.48681229030571505
gin,308,CNC1CN(C(=O)c2nc(NCc3cncc(F)c3)nc3ccsc23)C1,6.301030158996582,6.57719239110266,0.16645938687241063,0.7014925373134329,0.2761622321060777
gin,309,CNC1CN(C(=O)c2nc(N[C@@H](C)c3cncc(F)c3)nc3cc(C)sc23)C1,6.301030158996582,6.738338409064267,0.16910798654551795,0.8088235294117647,0.4373082500676846
gin,322,CNc1cc2nc(N[C@@H](C)c3cccnc3)nc(C(=O)N3CC(O)C3)c2s1,6.301030158996582,6.534249549748925,0.1244771982813912,0.7205882352941176,0.23321939075234255
gin,324,CNc1cc2nc(N[C@@H](C)c3cccnc3)nc(C(=O)N3CCC3)c2s1,6.522878646850586,6.588902300738852,0.033001328838974206,0.7121212121212122,0.0660236538882657
gin,329,CNc1cc2nc(N[C@@H](C)c3cncc(F)c3)nc(C(=O)N3CC(OC)C3)c2s1,6.522878646850586,6.669150607349167,0.09238491486971664,0.6153846153846154,0.1462719604985807
gin,330,CNc1cc2nc(N[C@@H](C)c3cncc(F)c3)nc(C(=O)N3CCC3)c2s1,6.522878646850586,6.665277829455324,0.02408544023026319,0.6527777777777778,0.14239918260473772
gin,353,COC1CN(C(=O)c2nc(NCc3cncc(F)c3)nc3ccsc23)C1,6.522878646850586,6.495754016688295,0.04715077988413728,0.6911764705882353,0.02712463016229094
gin,356,COC1CN(C(=O)c2nc(N[C@@H](C)c3cccnc3)nc3cc(C)sc23)C1,7.12493896484375,6.610525415547784,0.07113607642446901,0.7246376811594203,0.5144135492959663
gin,357,COC1CN(C(=O)c2nc(N[C@@H](C)c3cccnc3)nc3ccsc23)C1,7.12493896484375,6.555478933728068,0.04752667168339298,0.7313432835820896,0.5694600311156819
gin,358,COC1CN(C(=O)c2nc(N[C@@H](C)c3cncc(Cl)c3)nc3ccsc23)C1,6.522878646850586,6.448771877209911,0.02394731358514887,0.7361111111111112,0.0741067696406752
gin,359,COC1CN(C(=O)c2nc(N[C@@H](C)c3cncc(F)c3)nc3cc(C)sc23)C1,7.12493896484375,6.691232333064069,0.07007589204144611,0.7464788732394366,0.43370663177968094
gin,360,COC1CN(C(=O)c2nc(N[C@@H](C)c3cncc(F)c3)nc3ccsc23)C1,6.522878646850586,6.640651463284577,0.05297504519617751,0.7464788732394366,0.11777281643399107
gin,363,COCC(Nc1nc(C(=O)N2CC(OC)C2)c2sccc2n1)c1cccnc1,7.12493896484375,6.6319384473349245,0.09527905254757428,0.7,0.49300051750882545
gin,364,COCC(Nc1nc(C(=O)N2CCC2)c2sccc2n1)c1cccnc1,6.301030158996582,6.6364827737527285,0.029210722869150562,0.7058823529411765,0.3354526147561465
gin,373,COCCC(=O)NC1CN(C(=O)c2nc(N[C@@H](C)c3cncc(F)c3)nc3cc(C)sc23)C1,7.522878646850586,7.342426066645157,0.09782009380088778,0.75,0.1804525802054293
gin,389,COC[C@@H](Nc1nc(C(=O)N2CCC2)c2sccc2n1)c1cccnc1,6.522878646850586,6.509809616047946,0.08916091248230242,0.7058823529411765,0.013069030802640214
gin,395,COC[C@@H]1CCN1C(=O)c1nc(N[C@@H](C)c2cncc(F)c2)nc2cc(C)sc12,6.301030158996582,6.550988571257999,0.10167806390964895,0.6493506493506493,0.24995841226141735
gin,396,COC[C@@H]1CCN1C(=O)c1nc(N[C@@H](C)c2cncc(F)c2)nc2ccsc12,6.301030158996582,6.485772021469078,0.12651142905432558,0.6708860759493671,0.1847418624724959
gin,403,COC[C@H]1CCN1C(=O)c1nc(N[C@@H](C)c2cncc(F)c2)nc2cc(C)sc12,6.301030158996582,6.6281005603629914,0.07839629791767247,0.6493506493506493,0.3270704013664094
gin,404,COC[C@H]1CCN1C(=O)c1nc(N[C@@H](C)c2cncc(F)c2)nc2ccsc12,6.301030158996582,6.569813724039751,0.1009891275074145,0.6708860759493671,0.2687835650431687
gin,677,COc1cncc(CNc2nc(C(=O)N3CC(C)C3)c3sccc3n2)c1,6.301030158996582,6.516341052946015,0.27620793526807164,0.6666666666666666,0.21531089394943326
gin,678,COc1cncc(CNc2nc(C(=O)N3CC(O)C3)c3sccc3n2)c1,6.301030158996582,6.37665754220054,0.12036408776545882,0.7692307692307693,0.07562738320395823
gin,679,COc1cncc(CNc2nc(C(=O)N3CCC3)c3sccc3n2)c1,6.301030158996582,6.484546115449501,0.17374266959023754,0.7,0.1835159564529194
gin,720,C[C@H](Nc1nc(C(=O)N2CC(C(=O)NCCO)C2)c2sccc2n1)c1cncc(F)c1,6.301030158996582,7.252017699046519,0.22931399161227328,0.7432432432432432,0.9509875400499368
gin,721,C[C@H](Nc1nc(C(=O)N2CC(C(=O)NOC(C)(C)C)C2)c2sccc2n1)c1cncc(F)c1,7.12493896484375,7.328720622608959,0.2992162981024533,0.725,0.20378165776520873
gin,722,C[C@H](Nc1nc(C(=O)N2CC(C(=O)OC(C)(C)C)C2)c2sccc2n1)c1cncc(F)c1,6.522878646850586,6.7617571824990685,0.11973893964320516,0.7567567567567568,0.2388785356484826
gin,723,C[C@H](Nc1nc(C(=O)N2CC(C(N)=O)C2)c2sccc2n1)c1cncc(F)c1,6.301030158996582,6.89664261929116,0.23912770465765265,0.7714285714285715,0.5956124602945776
gin,726,C[C@H](Nc1nc(C(=O)N2CC(CC(=O)NC(C)(C)C)C2)c2sccc2n1)c1cncc(F)c1,7.522878646850586,6.932200785578851,0.10849212983251495,0.6794871794871795,0.5906778612717352
gin,727,C[C@H](Nc1nc(C(=O)N2CC(CN(C)C(=O)C(C)(C)C)C2)c2sccc2n1)c1cncc(F)c1,7.522878646850586,6.474785806009454,0.03495515123675548,0.6794871794871795,1.0480928408411323
gin,728,C[C@H](Nc1nc(C(=O)N2CC(CN(C)C(=O)CC(C)(C)C)C2)c2sccc2n1)c1cncc(F)c1,7.12493896484375,6.486348675331882,0.04375359219974917,0.6582278481012658,0.6385902895118676
gin,729,C[C@H](Nc1nc(C(=O)N2CC(CN(C)C(=O)OC(C)(C)C)C2)c2sccc2n1)c1cncc(F)c1,6.522878646850586,6.3095618670459,0.07199606268453758,0.691358024691358,0.21331677980468555
gin,730,C[C@H](Nc1nc(C(=O)N2CC(CN)C2)c2sccc2n1)c1cncc(F)c1,6.301030158996582,6.577010548874441,0.032766604502951664,0.7361111111111112,0.27598038987785856
gin,731,C[C@H](Nc1nc(C(=O)N2CC(CNC(=O)C(C)(C)C)C2)c2sccc2n1)c1cncc(F)c1,6.522878646850586,6.773044239973874,0.08260798553452944,0.7123287671232876,0.25016559312328823
gin,732,C[C@H](Nc1nc(C(=O)N2CC(CNC(=O)N(C)C)C2)c2sccc2n1)c1cncc(F)c1,7.12493896484375,6.616921033428952,0.02777971664652213,0.7066666666666667,0.5080179314147983
gin,733,C[C@H](Nc1nc(C(=O)N2CC(CNC(=O)OC(C)(C)C)C2)c2sccc2n1)c1cncc(F)c1,7.522878646850586,6.574843624264368,0.07751471714134672,0.7088607594936709,0.9480350225862182
gin,734,C[C@H](Nc1nc(C(=O)N2CC(CNC(=O)OCC(C)(C)C)C2)c2sccc2n1)c1cncc(F)c1,7.522878646850586,6.568867905404421,0.08641265353913748,0.7283950617283951,0.9540107414461652
gin,735,C[C@H](Nc1nc(C(=O)N2CC(CNS(C)(=O)=O)C2)c2sccc2n1)c1cncc(F)c1,6.522878646850586,6.801334025791654,0.030011334078037296,0.6883116883116883,0.278455378941068
gin,737,C[C@H](Nc1nc(C(=O)N2CC(F)(F)C2)c2sccc2n1)c1cccnc1,6.522878646850586,6.270216071209326,0.0688153819746098,0.8095238095238095,0.25266257564125993
gin,738,C[C@H](Nc1nc(C(=O)N2CC(N)C2)c2sccc2n1)c1cncc(F)c1,6.301030158996582,6.618262274035693,0.04475511711183938,0.7681159420289855,0.3172321150391113
gin,739,C[C@H](Nc1nc(C(=O)N2CC(NC(=O)C(C)(C)C(F)(F)F)C2)c2sccc2n1)c1cncc(F)c1,8.0,7.4716251160213965,0.013544878852245564,0.7808219178082192,0.5283748839786035
gin,741,C[C@H](Nc1nc(C(=O)N2CC(NC(=O)C(C)(C)C)C2)c2sccc2n1)c1cncc(Cl)c1,8.0,7.319430571335985,0.03944500848712953,0.7808219178082192,0.6805694286640147
gin,742,C[C@H](Nc1nc(C(=O)N2CC(NC(=O)C(C)(C)C)C2)c2sccc2n1)c1cncc(F)c1,8.0,7.420984134422177,0.034652688068203576,0.8028169014084507,0.5790158655778228
gin,762,C[C@H](Nc1nc(C(=O)N2CC(NC(=O)CC(C)(C)C)C2)c2sccc2n1)c1cncc(F)c1,7.522878646850586,7.408527172510457,0.09514805284721993,0.7808219178082192,0.11435147434012904
gin,764,C[C@H](Nc1nc(C(=O)N2CC(NC(=O)NC(C)(C)C)C2)c2sccc2n1)c1cncc(F)c1,8.0,7.755890293989914,0.06766680067054498,0.8194444444444444,0.24410970601008586
gin,767,C[C@H](Nc1nc(C(=O)N2CC(NC(=O)OC(C)(C)C)C2)c2sccc2n1)c1cncc(F)c1,7.522878646850586,7.209847877892973,0.026615063664351714,0.7894736842105263,0.3130307689576126
gin,782,C[C@H](Nc1nc(C(=O)N2CC(O)C2)c2sc(N)cc2n1)c1cccnc1,6.301030158996582,6.5517455542223075,0.15461632395738165,0.7164179104477612,0.2507153952257255
gin,784,C[C@H](Nc1nc(C(=O)N2CC(O)C2)c2sccc2n1)c1cccnc1,6.522878646850586,6.48288815453358,0.04014028422766196,0.7619047619047619,0.03999049231700624
gin,785,C[C@H](Nc1nc(C(=O)N2CC(O)C2)c2sccc2n1)c1cncc(F)c1,6.522878646850586,6.607207115945386,0.03747268510851984,0.7794117647058824,0.08432846909479963
gin,797,C[C@H](Nc1nc(C(=O)N2CCC2)c2sc(N)cc2n1)c1cccnc1,6.522878646850586,6.627673871344577,0.0347712850853678,0.7076923076923077,0.1047952244939907
gin,798,C[C@H](Nc1nc(C(=O)N2CCC2)c2sc(N)cc2n1)c1cncc(F)c1,7.12493896484375,6.7483892896950906,0.019771228307690156,0.6619718309859155,0.37654967514865945
gin,801,C[C@H](Nc1nc(C(=O)N2CCC2)c2sccc2n1)c1cccnc1,6.522878646850586,6.5498909567678005,0.12360848144004813,0.847457627118644,0.027012309917214594
gin,802,C[C@H](Nc1nc(C(=O)N2CCC2)c2sccc2n1)c1cncc(Cl)c1,6.522878646850586,6.45041762503163,0.1725335343927426,0.7083333333333334,0.07246102181895608
gin,803,C[C@H](Nc1nc(C(=O)N2CCC2)c2sccc2n1)c1cncc(F)c1,7.12493896484375,6.668322539217608,0.11513822750422176,0.8,0.4566164256261418
gin,1118,Cc1cc2nc(N[C@@H](C)c3cccnc3)nc(C(=O)N3CC(CN(C)C)C3)c2s1,6.301030158996582,6.525903981999473,0.07986670902382448,0.6164383561643836,0.22487382300289127
gin,1119,Cc1cc2nc(N[C@@H](C)c3cccnc3)nc(C(=O)N3CC(CN)C3)c2s1,6.301030158996582,6.52977499245959,0.08156554198984717,0.7285714285714285,0.22874483346300778
gin,1120,Cc1cc2nc(N[C@@H](C)c3cccnc3)nc(C(=O)N3CC(CNC(=O)OC(C)(C)C)C3)c2s1,6.301030158996582,6.538713451574498,0.12232831135129571,0.759493670886076,0.2376832925779162
gin,1121,Cc1cc2nc(N[C@@H](C)c3cccnc3)nc(C(=O)N3CC(CO)C3)c2s1,6.301030158996582,6.546919862527528,0.07158082687487591,0.6666666666666666,0.24588970353094552
gin,1122,Cc1cc2nc(N[C@@H](C)c3cccnc3)nc(C(=O)N3CC(O)C3)c2s1,6.522878646850586,6.548097761741101,0.10088911849651046,0.7121212121212122,0.02521911489051476
gin,1123,Cc1cc2nc(N[C@@H](C)c3cccnc3)nc(C(=O)N3CCC3)c2s1,6.522878646850586,6.606146248818277,0.039751015871731805,0.703125,0.08326760196769101
gin,1140,Cc1cc2nc(N[C@@H](C)c3cncc(F)c3)nc(C(=O)N3CC(C(=O)NOC(C)(C)C)C3)c2s1,7.12493896484375,7.28721531839052,0.292528967855215,0.7631578947368421,0.16227635354676995
gin,1141,Cc1cc2nc(N[C@@H](C)c3cncc(F)c3)nc(C(=O)N3CC(C(=O)OC(C)(C)C)C3)c2s1,6.522878646850586,6.782847533656458,0.09668512971422025,0.72,0.25996888680587205
gin,1142,Cc1cc2nc(N[C@@H](C)c3cncc(F)c3)nc(C(=O)N3CC(C(N)=O)C3)c2s1,6.301030158996582,6.900654188415096,0.19596768106563936,0.7714285714285715,0.5996240294185142
gin,1143,Cc1cc2nc(N[C@@H](C)c3cncc(F)c3)nc(C(=O)N3CC(CC(=O)OC(C)(C)C)C3)c2s1,7.522878646850586,6.5028063824253834,0.07110395679081627,0.7160493827160493,1.0200722644252025
gin,1144,Cc1cc2nc(N[C@@H](C)c3cncc(F)c3)nc(C(=O)N3CC(CN(C)C)C3)c2s1,6.823908805847168,6.602464201182688,0.07886201816886496,0.7162162162162162,0.22144460466448024
gin,1145,Cc1cc2nc(N[C@@H](C)c3cncc(F)c3)nc(C(=O)N3CC(CN)C3)c2s1,6.301030158996582,6.608452444662927,0.08336161594164877,0.7361111111111112,0.30742228566634466
gin,1146,Cc1cc2nc(N[C@@H](C)c3cncc(F)c3)nc(C(=O)N3CC(CNC(=O)C(C)(C)C)C3)c2s1,6.522878646850586,6.772516680079544,0.12622842463300338,0.6883116883116883,0.24963803322895828
gin,1147,Cc1cc2nc(N[C@@H](C)c3cncc(F)c3)nc(C(=O)N3CC(CNC(=O)CC(C)(C)C)C3)c2s1,7.12493896484375,6.790891760313219,0.10159094567949833,0.6708860759493671,0.33404720453053116
gin,1148,Cc1cc2nc(N[C@@H](C)c3cncc(F)c3)nc(C(=O)N3CC(CNC(=O)OC(C)(C)C)C3)c2s1,6.522878646850586,6.598265579715644,0.11829986892791772,0.7195121951219512,0.07538693286505804
gin,1149,Cc1cc2nc(N[C@@H](C)c3cncc(F)c3)nc(C(=O)N3CC(CO)C3)c2s1,6.522878646850586,6.625571871314413,0.07111025191974844,0.7464788732394366,0.10269322446382745
gin,1150,Cc1cc2nc(N[C@@H](C)c3cncc(F)c3)nc(C(=O)N3CC(CS(C)(=O)=O)C3)c2s1,6.301030158996582,6.743610282409857,0.059397540899339546,0.7066666666666667,0.4425801234132747
gin,1151,Cc1cc2nc(N[C@@H](C)c3cncc(F)c3)nc(C(=O)N3CC(N(C)C(=O)CC(C)(C)C)C3)c2s1,7.522878646850586,6.79976558730128,0.12913310795874852,0.6708860759493671,0.7231130595493056
gin,1152,Cc1cc2nc(N[C@@H](C)c3cncc(F)c3)nc(C(=O)N3CC(N(C)C(=O)OC(C)(C)C)C3)c2s1,6.522878646850586,6.665556734311967,0.1291899773149122,0.6790123456790124,0.14267808746138133
gin,1153,Cc1cc2nc(N[C@@H](C)c3cncc(F)c3)nc(C(=O)N3CC(N(C)C)C3)c2s1,6.301030158996582,6.772400468133189,0.12190503678189234,0.7464788732394366,0.47137030913660727
gin,1154,Cc1cc2nc(N[C@@H](C)c3cncc(F)c3)nc(C(=O)N3CC(N)C3)c2s1,6.301030158996582,6.644898848120981,0.07333007052325048,0.7681159420289855,0.34386868912439894
gin,1156,Cc1cc2nc(N[C@@H](C)c3cncc(F)c3)nc(C(=O)N3CC(NC(=O)C(C)(C)C)C3)c2s1,8.0,7.3660967979299485,0.07559954206221677,0.8028169014084507,0.6339032020700515
gin,1157,Cc1cc2nc(N[C@@H](C)c3cncc(F)c3)nc(C(=O)N3CC(NC(=O)C(C)C)C3)c2s1,8.0,7.353432257920495,0.1057984065230015,0.8260869565217391,0.6465677420795046
gin,1163,Cc1cc2nc(N[C@@H](C)c3cncc(F)c3)nc(C(=O)N3CC(NC(=O)OC(C)(C)C)C3)c2s1,7.522878646850586,7.169719687464016,0.0581404130857622,0.7702702702702703,0.3531589593865698
gin,1164,Cc1cc2nc(N[C@@H](C)c3cncc(F)c3)nc(C(=O)N3CC(NC(=O)OC(C)C)C3)c2s1,7.522878646850586,7.243792256392553,0.13319895963843145,0.7916666666666666,0.2790863904580325
gin,1165,Cc1cc2nc(N[C@@H](C)c3cncc(F)c3)nc(C(=O)N3CC(NC(=O)OCC(C)(C)C)C3)c2s1,8.0,7.16632136380293,0.09238432319435397,0.7402597402597403,0.83367863619707
gin,1168,Cc1cc2nc(N[C@@H](C)c3cncc(F)c3)nc(C(=O)N3CC(O)C3)c2s1,7.12493896484375,6.633591105949667,0.09765697880103036,0.7794117647058824,0.49134785889408317
gin,1169,Cc1cc2nc(N[C@@H](C)c3cncc(F)c3)nc(C(=O)N3CCC3)c2s1,7.12493896484375,6.688632069307244,0.029897076426760514,0.8,0.43630689553650637
gin,1178,Cc1cc2nc(N[C@@H](C)c3cncc(F)c3)nc(C(=O)N3CC[C@@H]3C)c2s1,7.522878646850586,6.6159008935696555,0.05464427100041391,0.704225352112676,0.9069777532809304
gin,1184,Cc1cc2nc(N[C@@H](C)c3cncc(F)c3)nc(C(=O)N3CC[C@H]3C)c2s1,7.522878646850586,6.758282639847946,0.045860225021091924,0.704225352112676,0.7645960070026403
gin,1347,Cc1cncc(CNc2nc(C(=O)N3CCC3)c3sccc3n2)c1,6.301030158996582,6.383366835064432,0.12025391920918632,0.7368421052631579,0.08233667606785033
gin,1352,Cc1csc2c(C(=O)N3CC(NC(=O)C(C)(C)C)C3)nc(N[C@@H](C)c3cncc(F)c3)nc12,8.0,7.4485446948859,0.041423601494966884,0.7215189873417721,0.5514553051141
gin,1354,Cc1csc2c(C(=O)N3CCC3)nc(N[C@@H](C)c3cncc(F)c3)nc12,7.522878646850586,6.748690529064977,0.08262406293509024,0.6623376623376623,0.7741881177856094
gin,1720,O=C(c1nc(NCc2cncc(C(F)(F)F)c2)nc2ccsc12)N1CCC1,6.301030158996582,6.13860784436433,0.130306983060829,0.7,0.1624223146322521
gin,1723,O=C(c1nc(NCc2cncc(F)c2)nc2ccsc12)N1CC(F)(F)C1,6.301030158996582,6.180792774533167,0.0257554358185214,0.734375,0.12023738446341525
gin,1724,O=C(c1nc(NCc2cncc(F)c2)nc2ccsc12)N1CC(O)C1,6.301030158996582,6.412801523761107,0.07438490498153467,0.734375,0.11177136476452532
gin,1725,O=C(c1nc(NCc2cncc(F)c2)nc2ccsc12)N1CCC1,6.522878646850586,6.491419646138777,0.09308529812010931,0.8181818181818182,0.03145900071180918
gin,51,CC(C)(O)Cn1cc(N2CCC[C@@H](c3nc4c5cc(F)c(OC(F)F)cc5nc(N)n4n3)C2)cn1,8.130767822265625,8.205124976757475,0.15664801198042422,0.8227848101265823,0.07435715449184954
gin,88,CC(O)C(C)(C)n1cc(N2CCC[C@@H](c3nc4c5cc(F)cc(F)c5nc(N)n4n3)C2)cn1,8.420818328857422,8.468580631622018,0.15002325921678908,0.5930232558139535,0.04776230276459614
gin,89,CC(O)C(C)n1cc(N2CC(c3nc4c5cc(F)cc(F)c5nc(N)n4n3)CCC2C)cn1,8.107905387878418,8.645832923460944,0.27686557486917446,0.5056179775280899,0.5379275355825257
gin,90,CC(O)C(C)n1cc(N2CCC[C@@H](c3nc4c5cc(F)cc(F)c5nc(N)n4n3)C2)cn1,8.153664588928223,8.544118562051693,0.19087867076666762,0.5813953488372093,0.39045397312347063
gin,98,CC1CC(c2nc3c4cc(F)cc(F)c4nc(N)n3n2)CN(c2cnn(C(C)(C)CO)c2)C1,7.832773208618164,8.522344185432615,0.21927359291063603,0.5054945054945055,0.6895709768144513
gin,99,CC1CC(c2nc3c4cc(F)cc(F)c4nc(N)n3n2)CN(c2cnn(CC(C)(C)O)c2)C1,7.619788646697998,8.353474361290438,0.2734650652281429,0.6585365853658537,0.7336857145924398
gin,101,CC1CCC(c2nc3c4cc(F)cc(F)c4nc(N)n3n2)CN1c1cnn(CC(C)(CO)CO)c1,7.916016578674316,8.229590277582801,0.1866208784634926,0.5568181818181818,0.31357369890848474
gin,102,CC1CCC(c2nc3c4cc(F)cc(F)c4nc(N)n3n2)CN1c1cnn(CC(C)(O)CO)c1,7.628127574920654,8.384198233948702,0.17126400623238663,0.5681818181818182,0.7560706590280475
gin,112,CCC(C)(O)Cn1cc(N2CCC[C@@H](c3nc4c5cc(F)c(OC)cc5nc(N)n4n3)C2)cn1,8.504386901855469,8.337571628387053,0.12742286957868212,0.8461538461538461,0.16681527346841563
gin,120,CCC1CCC(c2nc3c4cc(F)c(OC)cc4nc(N)n3n2)CN1c1cnn(CC(C)(C)O)c1,7.865103244781494,8.291075812921164,0.1525257538111645,0.7439024390243902,0.4259725681396702
gin,273,CCn1cc(N2CCC[C@@H](c3nc4c5cc(F)c(OC)cc5nc(N)n4n3)C2)c(CO)n1,8.236572265625,8.60665723358403,0.24410994656646273,0.7037037037037037,0.37008496795903056
gin,429,COc1cc(Cl)cc2c1nc(N)n1nc(C3CCCN(c4cnn(C)c4)C3)nc21,7.752026557922363,8.331102846378819,0.31900503818682285,0.6219512195121951,0.5790762884564558
gin,434,COc1cc(F)cc2c1nc(N)n1nc(C3(F)CCCN(c4cnn(CC(C)(C)O)c4)C3)nc21,7.636554718017578,7.256799306620941,0.4297407491067753,0.7073170731707317,0.37975541139663704
gin,435,COc1cc(F)cc2c1nc(N)n1nc(C3CC(C)CN(c4cn(C(C)(C)C(C)O)nc4C)C3)nc21,8.154901504516602,8.377277675535417,0.37804898344779814,0.5217391304347826,0.22237617101881568
gin,436,COc1cc(F)cc2c1nc(N)n1nc(C3CC(C)CN(c4cn(C(C)(C)CO)nc4C)C3)nc21,8.282875061035156,8.49693237934303,0.37400514700117443,0.5333333333333333,0.2140573183078729
gin,437,COc1cc(F)cc2c1nc(N)n1nc(C3CC(C)CN(c4cn(C(C)C(C)O)nc4C)C3)nc21,8.576213836669922,8.426400151825874,0.47150786268324785,0.49473684210526314,0.1498136848440481
gin,438,COc1cc(F)cc2c1nc(N)n1nc(C3CC(C)CN(c4cnn(C(C)(C)CO)c4)C3)nc21,8.397939682006836,8.595846083070782,0.2068688404513405,0.6136363636363636,0.1979064010639462
gin,439,COc1cc(F)cc2c1nc(N)n1nc(C3CC(C)CN(c4cnn(C(C)C(C)O)c4C)C3)nc21,8.422636032104492,8.202583470635542,0.4485928250478199,0.5052631578947369,0.22005256146895036
gin,440,COc1cc(F)cc2c1nc(N)n1nc(C3CC(C)CN(c4cnn(CC(C)(C)O)c4)C3)nc21,8.530240058898926,8.431919529469923,0.24935070329910772,0.7848101265822784,0.09832052942900305
gin,441,COc1cc(F)cc2c1nc(N)n1nc(C3CC(C)CN(c4cnn(CC(C)(C)O)c4C)C3)nc21,8.4529390335083,8.140540646913262,0.4122291661166295,0.627906976744186,0.3123983865950386
gin,442,COc1cc(F)cc2c1nc(N)n1nc(C3CC(F)CN(c4cn(CC(C)(C)O)nc4C)C3)nc21,8.335199356079102,8.330156086807548,0.3343760227220947,0.6206896551724138,0.005043269271553186
gin,444,COc1cc(F)cc2c1nc(N)n1nc(C3CCC(C)N(c4cn(CC(C)(C)O)nc4C)C3)nc21,7.295849323272705,8.466990297297997,0.3631253622743646,0.6206896551724138,1.1711409740252918
gin,445,COc1cc(F)cc2c1nc(N)n1nc(C3CCC(C)N(c4cnn(C(C)(C)C(C)O)c4)C3)nc21,8.602407455444336,8.643104158371457,0.13742075736512094,0.5666666666666667,0.040696702927121464
gin,446,COc1cc(F)cc2c1nc(N)n1nc(C3CCC(C)N(c4cnn(C(C)(C)CO)c4)C3)nc21,8.293182373046875,8.748702855928201,0.17179961333692115,0.5909090909090909,0.45552048288132596
gin,447,COc1cc(F)cc2c1nc(N)n1nc(C3CCC(C)N(c4cnn(CC(C)(C)O)c4)C3)nc21,8.004298210144043,8.585855784727656,0.19375150811016564,0.7625,0.5815575745836128
gin,451,COc1cc(F)cc2c1nc(N)n1nc([C@@H]3CCCN(c4cn(C(C)C(C)(C)O)nc4C)C3)nc21,9.460409164428711,8.5861317841267,0.3394742551211458,0.6470588235294118,0.8742773803020114
gin,452,COc1cc(F)cc2c1nc(N)n1nc([C@@H]3CCCN(c4cn(C(C)C(C)O)nc4C)C3)nc21,9.198969841003418,8.507038209361255,0.3960086622767372,0.6172839506172839,0.6919316316421629
gin,453,COc1cc(F)cc2c1nc(N)n1nc([C@@H]3CCCN(c4cn(CC(C)(C)O)nc4C)C3)nc21,9.397939682006836,8.459978747836175,0.2958180546350159,0.759493670886076,0.9379609341706612
gin,454,COc1cc(F)cc2c1nc(N)n1nc([C@@H]3CCCN(c4cnn(C(C)(C)C(C)O)c4)C3)nc21,8.872364044189453,8.582424674535176,0.09828082442945293,0.7108433734939759,0.28993936965427736
gin,455,COc1cc(F)cc2c1nc(N)n1nc([C@@H]3CCCN(c4cnn(C(C)(C)CO)c4)C3)nc21,9.301030158996582,8.690739269246649,0.08869225459645337,0.75,0.6102908897499333
gin,456,COc1cc(F)cc2c1nc(N)n1nc([C@@H]3CCCN(c4cnn(C(C)C(C)O)c4)C3)nc21,8.90623950958252,8.658945399839581,0.24167442188179755,0.6987951807228916,0.24729410974293842
gin,457,COc1cc(F)cc2c1nc(N)n1nc([C@@H]3CCCN(c4cnn(C(C)C(C)O)c4C)C3)nc21,8.827803611755371,8.31025763128585,0.3734316472435711,0.6296296296296297,0.5175459804695208
gin,458,COc1cc(F)cc2c1nc(N)n1nc([C@@H]3CCCN(c4cnn(CC(C)(C)O)c4)C3)nc21,8.552842140197754,8.523448081305986,0.1397803513278645,0.9583333333333334,0.029394058891767827
gin,459,COc1cc(F)cc2c1nc(N)n1nc([C@@H]3CCCN(c4cnn(CC(C)(C)O)c4C)C3)nc21,8.823908805847168,8.22891432954755,0.3297052487335773,0.7721518987341772,0.5949944762996182
gin,463,COc1cc(F)cc2c1nc(N)n1nc([C@@H]3CC[C@@H](C)N(c4cn(CC(C)(C)O)nc4C)C3)nc21,8.537602424621582,8.390079490469411,0.2160464571984805,0.6206896551724138,0.1475229341521711
gin,464,COc1cc(F)cc2c1nc(N)n1nc([C@@H]3CC[C@H](C)N(c4cn(CC(C)(C)O)nc4C)C3)nc21,9.698969841003418,8.374728730933413,0.298922759292945,0.6206896551724138,1.3242411100700053
gin,465,COc1cc(F)cc2c1nc(N)n1nc([C@H]3CC[C@H](C)N(c4cn(CC(C)(C)O)nc4C)C3)nc21,6.684029579162598,8.381010368412248,0.2711873073875687,0.6206896551724138,1.6969807892496505
gin,473,COc1cc2nc(N)n3nc(C4CC(C)CN(c5cn(C(C)(C)CO)nc5C)C4)nc3c2cc1F,7.6216020584106445,8.471804583323333,0.33552973248600704,0.6428571428571429,0.8502025249126888
gin,474,COc1cc2nc(N)n3nc(C4CC(C)CN(c5cn(CC(C)(C)O)nc5C)C4)nc3c2cc1F,8.282476425170898,8.346865176381428,0.3615982921686556,0.7195121951219512,0.06438875121052945
gin,475,COc1cc2nc(N)n3nc(C4CC(C)CN(c5cnn(C(C)(C)CO)c5)C4)nc3c2cc1F,8.022275924682617,8.571872815450348,0.1919634629685081,0.6352941176470588,0.5495968907677309
gin,476,COc1cc2nc(N)n3nc(C4CC(C)CN(c5cnn(C(C)C(C)O)c5)C4)nc3c2cc1F,8.47269344329834,8.541982993496077,0.30877130241742895,0.6046511627906976,0.06928955019773753
gin,477,COc1cc2nc(N)n3nc(C4CC(C)CN(c5cnn(CC(C)(C)O)c5C)C4)nc3c2cc1F,8.480888366699219,8.112812078522719,0.39651852492237455,0.6588235294117647,0.36807628817649984
gin,479,COc1cc2nc(N)n3nc(C4CC(F)CN(c5cnn(CC(C)(C)O)c5)C4)nc3c2cc1F,7.97469425201416,8.35650783704051,0.21854107643676746,0.7948717948717948,0.3818135850263502
gin,482,COc1cc2nc(N)n3nc(C4CCC(C)N(c5cn(CC(C)(C)O)nc5C)C4)nc3c2cc1F,7.861046314239502,8.438213806007205,0.3272461299706258,0.7654320987654321,0.5771674917677032
gin,483,COc1cc2nc(N)n3nc(C4CCC(C)N(c5cnn(C(C)(C)C(C)(C)O)c5)C4)nc3c2cc1F,9.154901504516602,8.592973888827089,0.06252786259892787,0.7160493827160493,0.5619276156895125
gin,484,COc1cc2nc(N)n3nc(C4CCC(C)N(c5cnn(C(C)(C)C(C)O)c5)C4)nc3c2cc1F,7.857671737670898,8.619466169114332,0.11096925634409369,0.7073170731707317,0.761794431443434
gin,485,COc1cc2nc(N)n3nc(C4CCC(C)N(c5cnn(C(C)(C)CO)c5)C4)nc3c2cc1F,8.585026741027832,8.724751916463333,0.12668421077202838,0.7283950617283951,0.13972517543550111
gin,486,COc1cc2nc(N)n3nc(C4CCC(C)N(c5cnn(C(C)(CO)CO)c5)C4)nc3c2cc1F,8.279152870178223,8.589458246984151,0.1344669800845938,0.7283950617283951,0.3103053768059283
gin,487,COc1cc2nc(N)n3nc(C4CCC(C)N(c5cnn(C(C)C(C)(C)O)c5)C4)nc3c2cc1F,9.221848487854004,8.761840966453548,0.23885840780191753,0.6987951807228916,0.4600075214004562
gin,488,COc1cc2nc(N)n3nc(C4CCC(C)N(c5cnn(C(C)C(C)O)c5)C4)nc3c2cc1F,8.330771446228027,8.691878259487538,0.2883088551432965,0.7160493827160493,0.3611068132595108
gin,491,COc1cc2nc(N)n3nc(C4CCC(C)N(c5cnn(CC(C)(C)N)c5)C4)nc3c2cc1F,8.121301651000977,8.563338475606628,0.16522275114511298,0.7721518987341772,0.4420368246056512
gin,492,COc1cc2nc(N)n3nc(C4CCC(C)N(c5cnn(CC(C)(C)O)c5C)C4)nc3c2cc1F,8.329183578491211,8.15881621681353,0.3988166319834122,0.6987951807228916,0.1703673616776804
gin,493,COc1cc2nc(N)n3nc(C4CCC(C)N(c5cnn(CC(C)(O)CO)c5)C4)nc3c2cc1F,7.803651332855225,8.435390158971913,0.15807997400389162,0.7654320987654321,0.6317388261166883
gin,494,COc1cc2nc(N)n3nc(C4CCC(C)N(c5cnn(CC(C)O)c5)C4)nc3c2cc1F,8.903437614440918,8.440579446115677,0.21642131858899002,0.7848101265822784,0.4628581683252406
gin,499,COc1cc2nc(N)n3nc(C4CN(c5cnn(CC(C)(C)O)c5)CCC4C)nc3c2cc1F,9.221848487854004,8.649092885035017,0.21684578585664852,0.7848101265822784,0.5727556028189866
gin,504,COc1cc2nc(N)n3nc([C@@H]4CCCN(c5cn(C(C)(C)CO)nc5C)C4)nc3c2cc1F,9.301030158996582,8.561356610208463,0.22507012816844466,0.7125,0.7396735487881188
gin,507,COc1cc2nc(N)n3nc([C@@H]4CCCN(c5cn(CC(C)(C)O)nc5C)C4)nc3c2cc1F,9.301030158996582,8.429453717829816,0.24802220636156677,0.8552631578947368,0.8715764411667664
gin,509,COc1cc2nc(N)n3nc([C@@H]4CCCN(c5cn(CS(C)(=O)=O)nc5C(F)F)C4)nc3c2cc1F,8.173925399780273,8.241074680476984,0.2578275603569179,0.7228915662650602,0.06714928069671089
gin,510,COc1cc2nc(N)n3nc([C@@H]4CCCN(c5cn(CS(C)(=O)=O)nc5C)C4)nc3c2cc1F,8.387216567993164,8.109094122737176,0.2455016096227892,0.7037037037037037,0.2781224452559883
gin,512,COc1cc2nc(N)n3nc([C@@H]4CCCN(c5cnn(C(C)(C)C(C)O)c5)C4)nc3c2cc1F,8.698969841003418,8.552118145112672,0.129410712348405,0.7108433734939759,0.14685169589074576
gin,513,COc1cc2nc(N)n3nc([C@@H]4CCCN(c5cnn(C(C)(C)C)c5)C4)nc3c2cc1F,8.823908805847168,8.718550233108758,0.12051432048218563,0.7435897435897436,0.10535857273841032
gin,514,COc1cc2nc(N)n3nc([C@@H]4CCCN(c5cnn(C(C)(C)CO)c5)C4)nc3c2cc1F,8.42021656036377,8.660639644008299,0.09388766746081328,0.75,0.24042308364452936
gin,515,COc1cc2nc(N)n3nc([C@@H]4CCCN(c5cnn(C(C)C(C)(C)O)c5)C4)nc3c2cc1F,8.962226867675781,8.704168357853987,0.14501871668676497,0.7625,0.2580585098217938
gin,516,COc1cc2nc(N)n3nc([C@@H]4CCCN(c5cnn(C(C)C(C)O)c5)C4)nc3c2cc1F,8.602060317993164,8.628845825462633,0.1887342980317501,0.725,0.026785507469469394
gin,517,COc1cc2nc(N)n3nc([C@@H]4CCCN(c5cnn(C(C)C(C)O)c5C)C4)nc3c2cc1F,8.450160026550293,8.283097769664018,0.3543220402681136,0.7073170731707317,0.1670622568862754
gin,518,COc1cc2nc(N)n3nc([C@@H]4CCCN(c5cnn(C(C)C)c5)C4)nc3c2cc1F,8.337242126464844,8.889230163693867,0.2098621596036454,0.7402597402597403,0.5519880372290231
gin,519,COc1cc2nc(N)n3nc([C@@H]4CCCN(c5cnn(C)c5)C4)nc3c2cc1F,8.565383911132812,8.523942148966967,0.3412761810276295,0.7808219178082192,0.04144176216584583
gin,527,COc1cc2nc(N)n3nc([C@@H]4CCCN(c5cnn(CC(C)(C)O)c5)C4)nc3c2cc1F,8.431797981262207,8.493348456067636,0.14887689513761596,0.9583333333333334,0.06155047480542919
gin,528,COc1cc2nc(N)n3nc([C@@H]4CCCN(c5cnn(CC(C)(C)O)c5C)C4)nc3c2cc1F,8.346787452697754,8.19658613567966,0.3012563182213046,0.7721518987341772,0.15020131701809447
gin,529,COc1cc2nc(N)n3nc([C@@H]4CCCN(c5cnn(CC(F)(F)F)c5)C4)nc3c2cc1F,8.481486320495605,8.58605068562089,0.11902865312458884,0.8289473684210527,0.10456436512528455
gin,532,COc1cc2nc(N)n3nc([C@@H]4CCCN(c5cnn(CCC(C)(C)O)c5)C4)nc3c2cc1F,8.229147911071777,8.354338089622615,0.15120344355768864,0.8333333333333334,0.12519017855083803
gin,533,COc1cc2nc(N)n3nc([C@@H]4CCCN(c5cnn(CCCC(C)=O)c5)C4)nc3c2cc1F,8.236572265625,8.117774460235914,0.18306085721746246,0.7380952380952381,0.11879780538908591
gin,534,COc1cc2nc(N)n3nc([C@@H]4CCCN(c5cnn(CCC[C@@H](C)O)c5)C4)nc3c2cc1F,6.688246250152588,7.974196256689922,0.23760214440266725,0.7469879518072289,1.285950006537334
gin,535,COc1cc2nc(N)n3nc([C@@H]4CCCN(c5cnn(CCC[C@H](C)O)c5)C4)nc3c2cc1F,8.107905387878418,7.986314850408149,0.17597560736986953,0.7469879518072289,0.1215905374702686
gin,536,COc1cc2nc(N)n3nc([C@@H]4CCCN(c5cnn(CS(C)(=O)=O)c5)C4)nc3c2cc1F,7.9281182289123535,8.145785182255167,0.3675784106477666,0.7625,0.21766695334281394
gin,542,COc1cc2nc(N)n3nc([C@@H]4CC[C@@H](C)N(c5cnn(C(C)C(C)O)c5)C4)nc3c2cc1F,9.0,8.636921446319903,0.1536157602682712,0.7160493827160493,0.3630785536800971
gin,544,COc1cc2nc(N)n3nc([C@@H]4CC[C@H](C)N(c5cnn(C(C)C(C)(C)O)c5)C4)nc3c2cc1F,9.522878646850586,8.7380268441606,0.14305358961735637,0.6987951807228916,0.7848518026899853
gin,545,COc1cc2nc(N)n3nc([C@@H]4CC[C@H](C)N(c5cnn(C(C)C(C)O)c5)C4)nc3c2cc1F,6.913640022277832,8.664739632501124,0.19238251615034405,0.7160493827160493,1.7510996102232923
gin,548,COc1cc2nc(N)n3nc([C@@H]4CC[C@H](C)N(c5cnn(CC(C)(C)O)c5)C4)nc3c2cc1F,9.154901504516602,8.523990874190275,0.08399066932534596,0.7848101265822784,0.6309106303263263
gin,550,COc1cc2nc(N)n3nc([C@@H]4C[C@@H](F)CN(c5cnn(CC(C)(C)O)c5)C4)nc3c2cc1F,7.935542106628418,8.452050370738277,0.12652760754951534,0.7948717948717948,0.5165082641098593
gin,552,COc1cc2nc(N)n3nc([C@@H]4C[C@H](C)CN(c5cn(CC(C)(C)O)nc5C)C4)nc3c2cc1F,8.95860767364502,8.254460613184555,0.25271281205477913,0.7195121951219512,0.704147060460464
gin,554,COc1cc2nc(N)n3nc([C@H]4CCCN(c5cn(CS(C)(=O)=O)nc5C)C4)nc3c2cc1F,8.920818328857422,8.087122175001248,0.21297558062690874,0.7037037037037037,0.8336961538561738
gin,555,COc1cc2nc(N)n3nc([C@H]4CCCN(c5cnn(C(C)(C)C(C)O)c5)C4)nc3c2cc1F,8.585026741027832,8.520696530308314,0.10448189133430384,0.7108433734939759,0.06433021071951828
gin,557,COc1cc2nc(N)n3nc([C@H]4CC[C@@H](C)N(c5cnn(C(C)C(C)O)c5)C4)nc3c2cc1F,9.09691047668457,8.609167650673868,0.16911979510221398,0.7160493827160493,0.4877428260107024
gin,560,COc1cc2nc(N)n3nc([C@H]4CC[C@H](C)N(c5cnn(C(C)C(C)O)c5)C4)nc3c2cc1F,7.482804298400879,8.637369789580305,0.2171587963091258,0.7160493827160493,1.1545654911794259
gin,563,COc1cc2nc(N)n3nc([C@H]4C[C@@H](C)CN(c5cn(CC(C)(C)O)nc5C)C4)nc3c2cc1F,7.476253509521484,8.34487400334666,0.2378904663546146,0.7195121951219512,0.8686204938251763
gin,564,COc1cc2nc(N)n3nc([C@H]4C[C@H](F)CN(c5cnn(CC(C)(C)O)c5)C4)nc3c2cc1F,6.917214393615723,8.366588617818152,0.08047883767324022,0.7948717948717948,1.4493742242024297
gin,702,C[C@@H]1CC[C@H](c2nc3c4cc(F)cc(F)c4nc(N)n3n2)CN1c1cnn(C(C)(CO)CO)c1,8.853872299194336,8.50866674059833,0.05260626591125604,0.5168539325842697,0.34520555859600677
gin,971,C[C@H]1CC[C@@H](c2nc3c4cc(F)c(Cl)cc4nc(N)n3n2)CN1c1cnn(CC(C)(C)O)c1,9.698969841003418,8.426278338767602,0.09876263313837298,0.6352941176470588,1.2726915022358156
gin,972,C[C@H]1CC[C@@H](c2nc3c4cc(F)cc(F)c4nc(N)n3n2)CN1c1cnn(C(C)(CO)CO)c1,7.570247650146484,8.447303120041042,0.0620110963420452,0.5168539325842697,0.8770554698945574
gin,973,C[C@H]1CC[C@@H](c2nc3c4cc(F)cc(F)c4nc(N)n3n2)CN1c1cnn(CC(C)(C)O)c1,9.154901504516602,8.416283869789495,0.12733200508191508,0.6385542168674698,0.7386176347271061
gin,1035,Cc1c(N2CC(C)CC(c3nc4c5cc(F)cc(F)c5nc(N)n4n3)C2)cnn1C(C)C(C)O,7.792847633361816,8.164848875013242,0.37754312878999896,0.40816326530612246,0.3720012416514251
gin,1098,Cc1cc(Cl)cc2c1nc(N)n1nc(C3CCCN(c4cnn(C)c4)C3)nc21,6.482804298400879,8.189316795200781,0.297267677698603,0.5116279069767442,1.7065124967999026
gin,1100,Cc1cc2nc(N)n3nc([C@@H]4CC[C@H](C)N(c5cnn(CC(C)(C)O)c5)C4)nc3c2cc1F,9.397939682006836,8.425731578693942,0.0819770934871781,0.6428571428571429,0.9722081033128944
gin,1375,Cc1nn(C(C)(C)CO)cc1N1CC(C)CC(c2nc3c4cc(F)cc(F)c4nc(N)n3n2)C1,8.01716423034668,8.430028349951883,0.3265117979955875,0.45652173913043476,0.412864119605203
gin,1376,Cc1nn(C(C)C(C)O)cc1N1CC(C)CC(c2nc3c4cc(F)cc(F)c4nc(N)n3n2)C1,8.107335090637207,8.359892358188574,0.41427138599421426,0.3979591836734694,0.2525572675513672
gin,1377,Cc1nn(C(C)C(C)O)cc1N1CCC[C@@H](c2nc3c4cc(F)cc(F)c4nc(N)n3n2)C1,9.071333885192871,8.423764768270829,0.31117203289057854,0.5,0.6475691169220426
gin,1378,Cc1nn(CC(C)(C)O)cc1N1CC(C)CC(c2nc3c4cc(F)cc(F)c4nc(N)n3n2)C1,8.421725273132324,8.307989136455582,0.34678378572938007,0.5111111111111111,0.1137361366767422
gin,1379,Cc1nn(CC(C)(C)O)cc1N1CCC[C@@H](c2nc3c4cc(F)c(OC(F)F)cc4nc(N)n3n2)C1,8.920818328857422,8.16377315635669,0.21520758818787536,0.7349397590361446,0.7570451725007317
gin,1436,Cn1cc(N2CCCC(c3nc4c5c(F)c(F)ccc5nc(N)n4n3)C2)cn1,6.896196365356445,8.262072225469545,0.36863680353806383,0.5180722891566265,1.3658758601130998
gin,1437,Cn1cc(N2CCCC(c3nc4c5cc(Cl)ccc5nc(N)n4n3)C2)cn1,6.500312805175781,8.182550041667753,0.3725431475301279,0.5365853658536586,1.6822372364919715
gin,1438,Cn1cc(N2CCCC(c3nc4c5cc(F)c(F)cc5nc(N)n4n3)C2)cn1,7.485452175140381,8.231250419181343,0.4783735370399563,0.6533333333333333,0.7457982440409623
gin,1439,Cn1cc(N2CCCC(c3nc4c5cc(F)cc(F)c5nc(N)n4n3)C2)cn1,9.301030158996582,8.30581529469481,0.44280297321480655,0.620253164556962,0.9952148643017722
gin,1440,Cn1cc(N2CCCC(c3nc4c5cc(F)ccc5nc(N)n4n3)C2)cn1,6.982966423034668,8.311151520429533,0.340643038574223,0.575,1.328185097394865
gin,1441,Cn1cc(N2CCC[C@@H](c3nc4c5cc(Cl)cc(Cl)c5nc(N)n4n3)C2)cn1,7.235823631286621,8.400475535648596,0.23598750512632125,0.5176470588235295,1.1646519043619747
gin,15,CC(=O)N[C@@H]1CCN(C(=O)c2nc(N[C@@H](C)c3ccccn3)nc3ccsc23)C1,6.301030158996582,6.757877223611001,0.07763464272898253,0.875,0.4568470646144194
gin,20,CC(=O)N[C@H]1CCN(C(=O)c2nc(N[C@@H](C)c3ccccn3)nc3ccsc23)C1,6.301030158996582,7.120246620349351,0.16630019570811394,0.875,0.8192164613527693
gin,249,CCO[C@@H]1CCN(C(=O)c2nc(N[C@@H](C)c3ccccn3)nc3ccsc23)C1,7.12493896484375,6.557905518511728,0.13699920072738248,0.7536231884057971,0.5670334463320224
gin,250,CCO[C@H]1CCN(C(=O)c2nc(N[C@@H](C)c3ccccn3)nc3ccsc23)C1,6.522878646850586,6.645139365334313,0.12734661246566753,0.7536231884057971,0.12226071848372744
gin,314,CNc1cc2nc(NCc3ccccn3)nc(C(=O)N3CCCC3)c2s1,6.301030158996582,6.6059834414698315,0.025686955995436068,0.6666666666666666,0.3049532824732495
gin,318,CNc1cc2nc(N[C@@H](C)c3ccccn3)nc(C(=O)N3CC[C@@H](C)C3)c2s1,6.522878646850586,6.741150434269156,0.07265679880806085,0.7910447761194029,0.21827178741857
gin,319,CNc1cc2nc(N[C@@H](C)c3ccccn3)nc(C(=O)N3CC[C@@H](F)C3)c2s1,6.522878646850586,6.70304778010983,0.05656351807105754,0.7910447761194029,0.18016913325924389
gin,320,CNc1cc2nc(N[C@@H](C)c3ccccn3)nc(C(=O)N3CC[C@@H](O)C3)c2s1,6.301030158996582,6.679083699330167,0.036677514385477325,0.875,0.3780535403335854
gin,393,COC[C@@H]1CCN(C(=O)c2nc(N[C@@H](C)c3ccccn3)nc3cc(C)sc23)C1,6.522878646850586,6.598347174120125,0.09780680879811646,0.9090909090909091,0.07546852726953901
gin,394,COC[C@@H]1CCN(C(=O)c2nc(N[C@@H](C)c3ccccn3)nc3ccsc23)C1,6.522878646850586,6.544423979083369,0.13817939295106269,0.7391304347826086,0.02154533223278321
gin,401,COC[C@H]1CCN(C(=O)c2nc(N[C@@H](C)c3ccccn3)nc3cc(C)sc23)C1,6.301030158996582,6.697337710353577,0.0891947314271212,0.9090909090909091,0.3963075513569949
gin,402,COC[C@H]1CCN(C(=O)c2nc(N[C@@H](C)c3ccccn3)nc3ccsc23)C1,6.522878646850586,6.647677927852595,0.13043983782438398,0.7391304347826086,0.12479928100200866
gin,411,CO[C@@H]1CCN(C(=O)c2nc(N[C@@H](C)c3ccccn3)nc3c(C)csc23)C1,7.522878646850586,6.673103498309151,0.11438971066007379,0.7323943661971831,0.8497751485414353
gin,412,CO[C@@H]1CCN(C(=O)c2nc(N[C@@H](C)c3ccccn3)nc3cc(C)sc23)C1,7.522878646850586,6.614683983660594,0.08211750411867662,0.8769230769230769,0.9081946631899918
gin,419,CO[C@H]1CCN(C(=O)c2nc(N[C@@H](C)c3ccccn3)nc3c(C)csc23)C1,6.522878646850586,6.80380341680294,0.15225399717261168,0.7323943661971831,0.28092476995235405
gin,420,CO[C@H]1CCN(C(=O)c2nc(N[C@@H](C)c3ccccn3)nc3cc(C)sc23)C1,7.12493896484375,6.724968764720752,0.09046657021962204,0.8769230769230769,0.3999702001229979
gin,421,CO[C@H]1CCN(C(=O)c2nc(N[C@@H](C)c3ccccn3)nc3ccsc23)C1,7.522878646850586,6.67055082175176,0.1294050773970163,0.873015873015873,0.8523278250988255
gin,698,C[C@@H]1CCN(C(=O)c2nc(N[C@@H](C)c3ccccn3)nc3cc(N)sc23)C1,6.522878646850586,6.616381355805547,0.022727364839904094,0.7878787878787878,0.09350270895496138
gin,699,C[C@@H]1CCN(C(=O)c2nc(N[C@@H](C)c3ccccn3)nc3ccsc23)C1,7.12493896484375,6.547095842979143,0.11107003861402849,0.7777777777777778,0.577843121864607
gin,789,C[C@H](Nc1nc(C(=O)N2CCC(C(=O)O)C2)c2sccc2n1)c1ccccn1,6.301030158996582,6.763727756665944,0.1703057501536179,0.7538461538461538,0.46269759766936236
gin,791,C[C@H](Nc1nc(C(=O)N2CCC(C(=O)OC(C)(C)C)C2)c2sccc2n1)c1ccccn1,6.301030158996582,6.620551978070679,0.042679656570393514,0.6962025316455697,0.3195218190740974
gin,794,C[C@H](Nc1nc(C(=O)N2CCC(F)(F)C2)c2sccc2n1)c1ccccn1,6.522878646850586,6.572413174014141,0.04948100301352928,0.8666666666666667,0.049534527163555
gin,807,C[C@H](Nc1nc(C(=O)N2CCCC2)c2sccc2n1)c1ccccn1,7.12493896484375,6.64839348420481,0.10612483880861567,0.9622641509433962,0.47654548063894
gin,834,C[C@H](Nc1nc(C(=O)N2CC[C@@H](F)C2)c2sc(N)cc2n1)c1ccccn1,6.522878646850586,6.712594611529489,0.050777365892218936,0.7878787878787878,0.1897159646789035
gin,836,C[C@H](Nc1nc(C(=O)N2CC[C@@H](F)C2)c2sccc2n1)c1ccccn1,7.522878646850586,6.650439644773033,0.14158773964092178,0.7777777777777778,0.8724390020775532
gin,839,C[C@H](Nc1nc(C(=O)N2CC[C@@H](N)C2)c2sccc2n1)c1ccccn1,6.301030158996582,6.643906834617102,0.10093364262999598,0.765625,0.34287667562051993
gin,841,C[C@H](Nc1nc(C(=O)N2CC[C@@H](NC(=O)OC(C)(C)C)C2)c2sccc2n1)c1ccccn1,6.522878646850586,6.882441058833123,0.14777233042683938,0.7894736842105263,0.35956241198253736
gin,843,C[C@H](Nc1nc(C(=O)N2CC[C@@H](O)C2)c2sc(C(F)(F)F)cc2n1)c1ccccn1,6.301030158996582,6.677922317356959,0.09252982834699451,0.7,0.37689215836037704
gin,846,C[C@H](Nc1nc(C(=O)N2CC[C@@H](O)C2)c2sc(N)cc2n1)c1ccccn1,6.301030158996582,6.689179535082861,0.041190080235455694,0.873015873015873,0.38814937608627886
gin,850,C[C@H](Nc1nc(C(=O)N2CC[C@@H](O)C2)c2sccc2n1)c1ccccn1,6.522878646850586,6.621996772492302,0.10720446712908586,0.8666666666666667,0.0991181256417164
gin,855,C[C@H](Nc1nc(C(=O)N2CC[C@@H](S(C)(=O)=O)C2)c2sccc2n1)c1ccccn1,6.301030158996582,6.711289533379713,0.05791714130392254,0.7313432835820896,0.41025937438313065
gin,860,C[C@H](Nc1nc(C(=O)N2CC[C@H](F)C2)c2sccc2n1)c1ccccn1,7.12493896484375,6.532103986927776,0.10663071612407711,0.7777777777777778,0.5928349779159738
gin,865,C[C@H](Nc1nc(C(=O)N2CC[C@H](NC(=O)OC(C)(C)C)C2)c2sccc2n1)c1ccccn1,7.12493896484375,6.529509648524307,0.03469143908405435,0.7894736842105263,0.5954293163194428
gin,872,C[C@H](Nc1nc(C(=O)N2CC[C@H](O)C2)c2sccc2n1)c1ccccn1,6.301030158996582,6.490703924487004,0.08166697294555189,0.8666666666666667,0.18967376549042214
gin,877,C[C@H](Nc1nc(C(=O)N2CC[C@H](S(C)(=O)=O)C2)c2sccc2n1)c1ccccn1,6.522878646850586,6.598461535982974,0.06864265586171044,0.7313432835820896,0.07558288913238798
gin,969,C[C@H]1CCN(C(=O)c2nc(N[C@@H](C)c3ccccn3)nc3ccsc23)C1,6.522878646850586,6.704276779138426,0.13872398209384132,0.7777777777777778,0.18139813228783996
gin,1107,Cc1cc2nc(N[C@@H](C)c3ccccn3)nc(C(=O)N3CCCC3)c2s1,7.522878646850586,6.717694675058443,0.06241925587541631,0.9636363636363636,0.8051839717921432
gin,1108,Cc1cc2nc(N[C@@H](C)c3ccccn3)nc(C(=O)N3CC[C@@H](O)C3)c2s1,6.522878646850586,6.691815713347315,0.07453939828654674,0.8709677419354839,0.16893706649672868
gin,1109,Cc1cc2nc(N[C@@H](C)c3ccccn3)nc(C(=O)N3CC[C@H](O)C3)c2s1,6.301030158996582,6.586338504607404,0.06850932681271638,0.8709677419354839,0.2853083456108223
gin,1355,Cc1csc2c(C(=O)N3CCCC3)nc(N[C@@H](C)c3ccccn3)nc12,7.522878646850586,6.786644388192165,0.1292115419393573,0.7424242424242424,0.7362342586584205
gin,1703,O=C(c1nc(NCc2ccc(F)cn2)nc2ccsc12)N1CCCC1,6.301030158996582,6.587194654590654,0.0649576173803262,0.6833333333333333,0.28616449559407187
gin,1704,O=C(c1nc(NCc2ccc(F)cn2)nc2ccsc12)N1CC[C@H](O)C1,6.301030158996582,6.371513318259126,0.13083492882984704,0.7384615384615385,0.07048315926254389
gin,1712,O=C(c1nc(NCc2cccc(F)n2)nc2ccsc12)N1CCCC1,6.301030158996582,6.719714845450139,0.06722196692538068,0.7241379310344828,0.41868468645355694
gin,1713,O=C(c1nc(NCc2cccc(O)n2)nc2ccsc12)N1CCCC1,6.301030158996582,6.623573069069316,0.1264226312555232,0.7368421052631579,0.32254291007273395
gin,1716,O=C(c1nc(NCc2ccccn2)nc2ccsc12)N1CCCC1,6.522878646850586,6.5527402252344515,0.10225227209870405,0.7678571428571429,0.029861578383865606
